32 1614144338 9244.200000 -1.000000 -101.000000 0.000000 0.000000
32 1614144339 9244.200000 -1.000000 -101.000000 0.000000 0.000000
32 1614144340 9244.200000 -1.000000 -101.000000 0.000000 0.000000
32 1614144341 9244.200000 -1.000000 -101.000000 0.000000 0.000000
32 1614144342 9244.200000 -1.000000 -101.000000 0.000000 0.000000
32 1614144343 9244.200000 -1.000000 -101.000000 0.000000 0.000000
32 1614144344 9244.200000 -1.000000 -101.000000 0.000000 0.000000
32 1614144345 9244.200000 -1.000000 -101.000000 0.000000 0.000000
32 1614144346 9244.200000 -1.000000 -101.000000 0.000000 0.000000
32 1614144347 9244.200000 -1.000000 -101.000000 0.000000 0.000000
32 1614144348 9244.800000 -1.000000 -101.000000 0.000000 0.000000
32 1614144349 9244.800000 -1.000000 -101.000000 0.000000 0.000000
32 1614144350 9244.800000 -1.000000 -101.000000 0.000000 0.000000
32 1614144351 9244.800000 -1.000000 -101.000000 0.000000 0.000000
32 1614144352 9244.800000 -1.000000 -101.000000 0.000000 0.000000
32 1614144353 9240.000000 -1.000000 -101.000000 0.000000 0.000000
32 1614144354 9240.000000 -1.000000 -101.000000 0.000000 0.000000
32 1614144355 9240.000000 -1.000000 -101.000000 0.000000 0.000000
32 1614144356 9240.000000 -1.000000 -101.000000 0.000000 0.000000
32 1614144357 9240.000000 -1.000000 -101.000000 0.000000 0.000000
32 1614144358 20059.000000 -1.000000 -101.000000 0.000000 0.000000
32 1614144359 20059.000000 -1.000000 -101.000000 0.000000 0.000000
32 1614144360 20059.000000 -1.000000 -101.000000 0.000000 0.000000
32 1614144361 20059.000000 -1.000000 -101.000000 0.000000 0.000000
32 1614144362 20059.000000 -1.000000 -101.000000 0.000000 0.000000
32 1614144363 20059.800000 -1.000000 -101.000000 0.000000 0.000000
32 1614144364 20059.800000 -1.000000 -101.000000 0.000000 0.000000
32 1614144365 20059.800000 -1.000000 -101.000000 0.000000 0.000000
32 1614144366 20059.800000 -1.000000 -101.000000 0.000000 0.000000
32 1614144367 20059.800000 -1.000000 -101.000000 0.000000 0.000000
32 1614144368 29301.400000 -1.000000 -101.000000 0.000000 0.000000
32 1614144369 29301.400000 -1.000000 -101.000000 0.000000 0.000000
32 1614144370 29301.400000 -1.000000 -101.000000 0.000000 0.000000
32 1614144371 29301.400000 -1.000000 -101.000000 0.000000 0.000000
32 1614144372 29301.400000 -1.000000 -101.000000 0.000000 0.000000
32 1614144373 25513.200000 -1.000000 -101.000000 0.000000 0.000000
32 1614144374 25513.200000 -1.000000 -101.000000 0.000000 0.000000
32 1614144375 25513.200000 -1.000000 -101.000000 0.000000 0.000000
32 1614144376 25513.200000 -1.000000 -101.000000 0.000000 0.000000
32 1614144377 25513.200000 -1.000000 -101.000000 0.000000 0.000000
32 1614144378 16956.400000 -1.000000 -101.000000 0.000000 0.000000
32 1614144379 16956.400000 -1.000000 -101.000000 0.000000 0.000000
32 1614144380 16956.400000 -1.000000 -101.000000 0.000000 0.000000
32 1614144381 16956.400000 -1.000000 -101.000000 0.000000 0.000000
32 1614144382 16956.400000 -1.000000 -101.000000 0.000000 0.000000
32 1614144383 18991.200000 -1.000000 -101.000000 0.000000 0.000000
32 1614144384 18991.200000 -1.000000 -101.000000 0.000000 0.000000
32 1614144385 18991.200000 -1.000000 -101.000000 0.000000 0.000000
32 1614144386 18991.200000 -1.000000 -101.000000 0.000000 0.000000
32 1614144387 18991.200000 -1.000000 -101.000000 0.000000 0.000000
32 1614144388 14921.400000 -1.000000 -101.000000 0.000000 0.000000
32 1614144389 14921.400000 -1.000000 -101.000000 0.000000 0.000000
32 1614144390 14921.400000 -1.000000 -101.000000 0.000000 0.000000
32 1614144391 14921.400000 -1.000000 -101.000000 0.000000 0.000000
32 1614144392 14921.400000 -1.000000 -101.000000 0.000000 0.000000
32 1614144393 17238.000000 -1.000000 -101.000000 0.000000 0.000000
32 1614144394 17238.000000 -1.000000 -101.000000 0.000000 0.000000
32 1614144395 17238.000000 -1.000000 -101.000000 0.000000 0.000000
32 1614144396 17238.000000 -1.000000 -101.000000 0.000000 0.000000
32 1614144397 17238.000000 -1.000000 -101.000000 0.000000 0.000000
32 1614144398 18360.000000 -1.000000 -101.000000 0.000000 0.000000
32 1614144399 18360.000000 -1.000000 -101.000000 0.000000 0.000000
32 1614144400 18360.000000 -1.000000 -101.000000 0.000000 0.000000
32 1614144401 18360.000000 -1.000000 -101.000000 0.000000 0.000000
32 1614144402 18360.000000 -1.000000 -101.000000 0.000000 0.000000
32 1614144403 164568.600000 -1.000000 -101.000000 0.000000 0.000000
32 1614144404 164568.600000 -1.000000 -101.000000 0.000000 0.000000
32 1614144405 164568.600000 -1.000000 -101.000000 0.000000 0.000000
32 1614144406 164568.600000 -1.000000 -101.000000 0.000000 0.000000
32 1614144407 164568.600000 -1.000000 -101.000000 0.000000 0.000000
32 1614144408 158774.400000 -1.000000 -101.000000 0.000000 0.000000
32 1614144409 158774.400000 -1.000000 -101.000000 0.000000 0.000000
32 1614144410 158774.400000 -1.000000 -101.000000 0.000000 0.000000
32 1614144411 158774.400000 -1.000000 -101.000000 0.000000 0.000000
32 1614144412 158774.400000 -1.000000 -101.000000 0.000000 0.000000
32 1614144413 155614.600000 -1.000000 -101.000000 0.000000 0.000000
32 1614144414 155614.600000 -1.000000 -101.000000 0.000000 0.000000
32 1614144415 155614.600000 -1.000000 -101.000000 0.000000 0.000000
32 1614144416 155614.600000 -1.000000 -101.000000 0.000000 0.000000
32 1614144417 155614.600000 -1.000000 -101.000000 0.000000 0.000000
32 1614144418 158562.400000 -1.000000 -101.000000 0.000000 0.000000
32 1614144419 158562.400000 -1.000000 -101.000000 0.000000 0.000000
32 1614144420 158562.400000 -1.000000 -101.000000 0.000000 0.000000
32 1614144421 158562.400000 -1.000000 -101.000000 0.000000 0.000000
32 1614144422 158562.400000 -1.000000 -101.000000 0.000000 0.000000
32 1614144423 267681.400000 -1.000000 -101.000000 0.000000 0.000000
32 1614144424 267681.400000 -1.000000 -101.000000 0.000000 0.000000
32 1614144425 267681.400000 -1.000000 -101.000000 0.000000 0.000000
32 1614144426 267681.400000 -1.000000 -101.000000 0.000000 0.000000
32 1614144427 267681.400000 -1.000000 -101.000000 0.000000 0.000000
32 1614144428 161341.000000 -1.000000 -101.000000 0.000000 0.000000
32 1614144429 161341.000000 -1.000000 -101.000000 0.000000 0.000000
32 1614144430 161341.000000 -1.000000 -101.000000 0.000000 0.000000
32 1614144431 161341.000000 -1.000000 -101.000000 0.000000 0.000000
32 1614144432 161341.000000 -1.000000 -101.000000 0.000000 0.000000
32 1614144433 68367.800000 -1.000000 -101.000000 0.000000 0.000000
32 1614144434 68367.800000 -1.000000 -101.000000 0.000000 0.000000
32 1614144435 68367.800000 -1.000000 -101.000000 0.000000 0.000000
32 1614144436 68367.800000 -1.000000 -101.000000 0.000000 0.000000
32 1614144437 68367.800000 -1.000000 -101.000000 0.000000 0.000000
32 1614144438 165304.400000 -1.000000 -101.000000 0.000000 0.000000
32 1614144439 165304.400000 -1.000000 -101.000000 0.000000 0.000000
32 1614144440 165304.400000 -1.000000 -101.000000 0.000000 0.000000
32 1614144441 165304.400000 -1.000000 -101.000000 0.000000 0.000000
32 1614144442 165304.400000 -1.000000 -101.000000 0.000000 0.000000
32 1614144443 14745.800000 -1.000000 -101.000000 0.000000 0.000000
32 1614144444 14745.800000 -1.000000 -101.000000 0.000000 0.000000
32 1614144445 14745.800000 -1.000000 -101.000000 0.000000 0.000000
32 1614144446 14745.800000 -1.000000 -101.000000 0.000000 0.000000
32 1614144447 14745.800000 -1.000000 -101.000000 0.000000 0.000000
32 1614144448 14324.800000 -1.000000 -101.000000 0.000000 0.000000
32 1614144449 14324.800000 -1.000000 -101.000000 0.000000 0.000000
32 1614144450 14324.800000 -1.000000 -101.000000 0.000000 0.000000
32 1614144451 14324.800000 -1.000000 -101.000000 0.000000 0.000000
32 1614144452 14324.800000 -1.000000 -101.000000 0.000000 0.000000
32 1614144453 14921.400000 -1.000000 -101.000000 0.000000 0.000000
32 1614144454 14921.400000 -1.000000 -101.000000 0.000000 0.000000
32 1614144455 14921.400000 -1.000000 -101.000000 0.000000 0.000000
32 1614144456 14921.400000 -1.000000 -101.000000 0.000000 0.000000
32 1614144457 14921.400000 -1.000000 -101.000000 0.000000 0.000000
32 1614144458 21273.000000 -1.000000 -101.000000 0.000000 0.000000
32 1614144459 21273.000000 -1.000000 -101.000000 0.000000 0.000000
32 1614144460 21273.000000 -1.000000 -101.000000 0.000000 0.000000
32 1614144461 21273.000000 -1.000000 -101.000000 0.000000 0.000000
32 1614144462 21273.000000 -1.000000 -101.000000 0.000000 0.000000
32 1614144463 160561.800000 -1.000000 -101.000000 0.000000 0.000000
32 1614144464 160561.800000 -1.000000 -101.000000 0.000000 0.000000
32 1614144465 160561.800000 -1.000000 -101.000000 0.000000 0.000000
32 1614144466 160561.800000 -1.000000 -101.000000 0.000000 0.000000
32 1614144467 160561.800000 -1.000000 -101.000000 0.000000 0.000000
32 1614144468 356850.600000 -1.000000 -101.000000 0.000000 0.000000
32 1614144469 356850.600000 -1.000000 -101.000000 0.000000 0.000000
32 1614144470 356850.600000 -1.000000 -101.000000 0.000000 0.000000
32 1614144471 356850.600000 -1.000000 -101.000000 0.000000 0.000000
32 1614144472 356850.600000 -1.000000 -101.000000 0.000000 0.000000
32 1614144473 106270.000000 -1.000000 -101.000000 0.000000 0.000000
32 1614144474 106270.000000 -1.000000 -101.000000 0.000000 0.000000
32 1614144475 106270.000000 -1.000000 -101.000000 0.000000 0.000000
32 1614144476 106270.000000 -1.000000 -101.000000 0.000000 0.000000
32 1614144477 106270.000000 -1.000000 -101.000000 0.000000 0.000000
32 1614144478 155610.600000 -1.000000 -101.000000 0.000000 0.000000
32 1614144479 155610.600000 -1.000000 -101.000000 0.000000 0.000000
32 1614144480 155610.600000 -1.000000 -101.000000 0.000000 0.000000
32 1614144481 155610.600000 -1.000000 -101.000000 0.000000 0.000000
32 1614144482 155610.600000 -1.000000 -101.000000 0.000000 0.000000
32 1614144483 156232.200000 -1.000000 -101.000000 0.000000 0.000000
32 1614144484 156232.200000 -1.000000 -101.000000 0.000000 0.000000
32 1614144485 156232.200000 -1.000000 -101.000000 0.000000 0.000000
32 1614144486 156232.200000 -1.000000 -101.000000 0.000000 0.000000
32 1614144487 156232.200000 -1.000000 -101.000000 0.000000 0.000000
32 1614144488 315235.000000 -1.000000 -101.000000 0.000000 0.000000
32 1614144489 315235.000000 -1.000000 -101.000000 0.000000 0.000000
32 1614144490 315235.000000 -1.000000 -101.000000 0.000000 0.000000
32 1614144491 315235.000000 -1.000000 -101.000000 0.000000 0.000000
32 1614144492 315235.000000 -1.000000 -101.000000 0.000000 0.000000
32 1614144493 117264.800000 -1.000000 -101.000000 0.000000 0.000000
32 1614144494 117264.800000 -1.000000 -101.000000 0.000000 0.000000
32 1614144495 117264.800000 -1.000000 -101.000000 0.000000 0.000000
32 1614144496 117264.800000 -1.000000 -101.000000 0.000000 0.000000
32 1614144497 117264.800000 -1.000000 -101.000000 0.000000 0.000000
32 1614144498 66842.600000 -1.000000 -101.000000 0.000000 0.000000
32 1614144499 66842.600000 -1.000000 -101.000000 0.000000 0.000000
32 1614144500 66842.600000 -1.000000 -101.000000 0.000000 0.000000
32 1614144501 66842.600000 -1.000000 -101.000000 0.000000 0.000000
32 1614144502 66842.600000 -1.000000 -101.000000 0.000000 0.000000
32 1614144503 70013.600000 -1.000000 -101.000000 0.000000 0.000000
32 1614144504 70013.600000 -1.000000 -101.000000 0.000000 0.000000
32 1614144505 70013.600000 -1.000000 -101.000000 0.000000 0.000000
32 1614144506 70013.600000 -1.000000 -101.000000 0.000000 0.000000
32 1614144507 70013.600000 -1.000000 -101.000000 0.000000 0.000000
32 1614144508 113648.400000 -1.000000 -101.000000 0.000000 0.000000
32 1614144509 113648.400000 -1.000000 -101.000000 0.000000 0.000000
32 1614144510 113648.400000 -1.000000 -101.000000 0.000000 0.000000
32 1614144511 113648.400000 -1.000000 -101.000000 0.000000 0.000000
32 1614144512 113648.400000 -1.000000 -101.000000 0.000000 0.000000
32 1614144513 18395.800000 -1.000000 -101.000000 0.000000 0.000000
32 1614144514 18395.800000 -1.000000 -101.000000 0.000000 0.000000
32 1614144515 18395.800000 -1.000000 -101.000000 0.000000 0.000000
32 1614144516 18395.800000 -1.000000 -101.000000 0.000000 0.000000
32 1614144517 18395.800000 -1.000000 -101.000000 0.000000 0.000000
32 1614144518 18965.800000 -1.000000 -101.000000 0.000000 0.000000
32 1614144519 18965.800000 -1.000000 -101.000000 0.000000 0.000000
32 1614144520 18965.800000 -1.000000 -101.000000 0.000000 0.000000
32 1614144521 18965.800000 -1.000000 -101.000000 0.000000 0.000000
32 1614144522 18965.800000 -1.000000 -101.000000 0.000000 0.000000
32 1614144523 8834.800000 -1.000000 -101.000000 0.000000 0.000000
32 1614144524 8834.800000 -1.000000 -101.000000 0.000000 0.000000
32 1614144525 8834.800000 -1.000000 -101.000000 0.000000 0.000000
32 1614144526 8834.800000 -1.000000 -101.000000 0.000000 0.000000
32 1614144527 8834.800000 -1.000000 -101.000000 0.000000 0.000000
32 1614144528 15292.000000 -1.000000 -101.000000 0.000000 0.000000
32 1614144529 15292.000000 -1.000000 -101.000000 0.000000 0.000000
32 1614144530 15292.000000 -1.000000 -101.000000 0.000000 0.000000
32 1614144531 15292.000000 -1.000000 -101.000000 0.000000 0.000000
32 1614144532 15292.000000 -1.000000 -101.000000 0.000000 0.000000
32 1614144533 215990.400000 -1.000000 -101.000000 0.000000 0.000000
32 1614144534 215990.400000 -1.000000 -101.000000 0.000000 0.000000
32 1614144535 215990.400000 -1.000000 -101.000000 0.000000 0.000000
32 1614144536 215990.400000 -1.000000 -101.000000 0.000000 0.000000
32 1614144537 215990.400000 -1.000000 -101.000000 0.000000 0.000000
32 1614144538 105919.400000 -1.000000 -101.000000 0.000000 0.000000
32 1614144539 105919.400000 -1.000000 -101.000000 0.000000 0.000000
32 1614144540 105919.400000 -1.000000 -101.000000 0.000000 0.000000
32 1614144541 105919.400000 -1.000000 -101.000000 0.000000 0.000000
32 1614144542 105919.400000 -1.000000 -101.000000 0.000000 0.000000
32 1614144543 154351.800000 -1.000000 -101.000000 0.000000 0.000000
32 1614144544 154351.800000 -1.000000 -101.000000 0.000000 0.000000
32 1614144545 154351.800000 -1.000000 -101.000000 0.000000 0.000000
32 1614144546 154351.800000 -1.000000 -101.000000 0.000000 0.000000
32 1614144547 154351.800000 -1.000000 -101.000000 0.000000 0.000000
32 1614144548 55693.600000 -1.000000 -101.000000 0.000000 0.000000
32 1614144549 55693.600000 -1.000000 -101.000000 0.000000 0.000000
32 1614144550 55693.600000 -1.000000 -101.000000 0.000000 0.000000
32 1614144551 55693.600000 -1.000000 -101.000000 0.000000 0.000000
32 1614144552 55693.600000 -1.000000 -101.000000 0.000000 0.000000
32 1614144553 269173.600000 -1.000000 -101.000000 0.000000 0.000000
32 1614144554 269173.600000 -1.000000 -101.000000 0.000000 0.000000
32 1614144555 269173.600000 -1.000000 -101.000000 0.000000 0.000000
32 1614144556 269173.600000 -1.000000 -101.000000 0.000000 0.000000
32 1614144557 269173.600000 -1.000000 -101.000000 0.000000 0.000000
32 1614144558 160191.600000 -1.000000 -101.000000 0.000000 0.000000
32 1614144559 160191.600000 -1.000000 -101.000000 0.000000 0.000000
32 1614144560 160191.600000 -1.000000 -101.000000 0.000000 0.000000
32 1614144561 160191.600000 -1.000000 -101.000000 0.000000 0.000000
32 1614144562 160191.600000 -1.000000 -101.000000 0.000000 0.000000
32 1614144563 266035.000000 -1.000000 -101.000000 0.000000 0.000000
32 1614144564 266035.000000 -1.000000 -101.000000 0.000000 0.000000
32 1614144565 266035.000000 -1.000000 -101.000000 0.000000 0.000000
32 1614144566 266035.000000 -1.000000 -101.000000 0.000000 0.000000
32 1614144567 266035.000000 -1.000000 -101.000000 0.000000 0.000000
32 1614144568 163316.400000 -1.000000 -101.000000 0.000000 0.000000
32 1614144569 163316.400000 -1.000000 -101.000000 0.000000 0.000000
32 1614144570 163316.400000 -1.000000 -101.000000 0.000000 0.000000
32 1614144571 163316.400000 -1.000000 -101.000000 0.000000 0.000000
32 1614144572 163316.400000 -1.000000 -101.000000 0.000000 0.000000
32 1614144573 216614.200000 -1.000000 -101.000000 0.000000 0.000000
32 1614144574 216614.200000 -1.000000 -101.000000 0.000000 0.000000
32 1614144575 216614.200000 -1.000000 -101.000000 0.000000 0.000000
32 1614144576 216614.200000 -1.000000 -101.000000 0.000000 0.000000
32 1614144577 216614.200000 -1.000000 -101.000000 0.000000 0.000000
32 1614144578 20938.200000 -1.000000 -101.000000 0.000000 0.000000
32 1614144579 20938.200000 -1.000000 -101.000000 0.000000 0.000000
32 1614144580 20938.200000 -1.000000 -101.000000 0.000000 0.000000
32 1614144581 20938.200000 -1.000000 -101.000000 0.000000 0.000000
32 1614144582 20938.200000 -1.000000 -101.000000 0.000000 0.000000
32 1614144583 11140.600000 -1.000000 -101.000000 0.000000 0.000000
32 1614144584 11140.600000 -1.000000 -101.000000 0.000000 0.000000
32 1614144585 11140.600000 -1.000000 -101.000000 0.000000 0.000000
32 1614144586 11140.600000 -1.000000 -101.000000 0.000000 0.000000
32 1614144587 11140.600000 -1.000000 -101.000000 0.000000 0.000000
32 1614144588 7887.000000 -1.000000 -101.000000 0.000000 0.000000
32 1614144589 7887.000000 -1.000000 -101.000000 0.000000 0.000000
32 1614144590 7887.000000 -1.000000 -101.000000 0.000000 0.000000
32 1614144591 7887.000000 -1.000000 -101.000000 0.000000 0.000000
32 1614144592 7887.000000 -1.000000 -101.000000 0.000000 0.000000
32 1614144593 29561.000000 -1.000000 -101.000000 0.000000 0.000000
32 1614144594 29561.000000 -1.000000 -101.000000 0.000000 0.000000
32 1614144595 29561.000000 -1.000000 -101.000000 0.000000 0.000000
32 1614144596 29561.000000 -1.000000 -101.000000 0.000000 0.000000
32 1614144597 29561.000000 -1.000000 -101.000000 0.000000 0.000000
32 1614144598 209581.000000 -1.000000 -101.000000 0.000000 0.000000
32 1614144599 209581.000000 -1.000000 -101.000000 0.000000 0.000000
32 1614144600 209581.000000 -1.000000 -101.000000 0.000000 0.000000
32 1614144601 209581.000000 -1.000000 -101.000000 0.000000 0.000000
32 1614144602 209581.000000 -1.000000 -101.000000 0.000000 0.000000
32 1614144603 12289.400000 -1.000000 -101.000000 0.000000 0.000000
32 1614144604 12289.400000 -1.000000 -101.000000 0.000000 0.000000
32 1614144605 12289.400000 -1.000000 -101.000000 0.000000 0.000000
32 1614144606 12289.400000 -1.000000 -101.000000 0.000000 0.000000
32 1614144607 12289.400000 -1.000000 -101.000000 0.000000 0.000000
32 1614144608 257608.800000 -1.000000 -101.000000 0.000000 0.000000
32 1614144609 257608.800000 -1.000000 -101.000000 0.000000 0.000000
32 1614144610 257608.800000 -1.000000 -101.000000 0.000000 0.000000
32 1614144611 257608.800000 -1.000000 -101.000000 0.000000 0.000000
32 1614144612 257608.800000 -1.000000 -101.000000 0.000000 0.000000
32 1614144613 107670.600000 -1.000000 -101.000000 0.000000 0.000000
32 1614144614 107670.600000 -1.000000 -101.000000 0.000000 0.000000
32 1614144615 107670.600000 -1.000000 -101.000000 0.000000 0.000000
32 1614144616 107670.600000 -1.000000 -101.000000 0.000000 0.000000
32 1614144617 107670.600000 -1.000000 -101.000000 0.000000 0.000000
32 1614144618 219483.800000 -1.000000 -101.000000 0.000000 0.000000
32 1614144619 219483.800000 -1.000000 -101.000000 0.000000 0.000000
32 1614144620 219483.800000 -1.000000 -101.000000 0.000000 0.000000
32 1614144621 219483.800000 -1.000000 -101.000000 0.000000 0.000000
32 1614144622 219483.800000 -1.000000 -101.000000 0.000000 0.000000
32 1614144623 157755.600000 -1.000000 -101.000000 0.000000 0.000000
32 1614144624 157755.600000 -1.000000 -101.000000 0.000000 0.000000
32 1614144625 157755.600000 -1.000000 -101.000000 0.000000 0.000000
32 1614144626 157755.600000 -1.000000 -101.000000 0.000000 0.000000
32 1614144627 157755.600000 -1.000000 -101.000000 0.000000 0.000000
32 1614144628 166416.200000 -1.000000 -101.000000 0.000000 0.000000
32 1614144629 166416.200000 -1.000000 -101.000000 0.000000 0.000000
32 1614144630 166416.200000 -1.000000 -101.000000 0.000000 0.000000
32 1614144631 166416.200000 -1.000000 -101.000000 0.000000 0.000000
32 1614144632 166416.200000 -1.000000 -101.000000 0.000000 0.000000
32 1614144633 13316.600000 -1.000000 -101.000000 0.000000 0.000000
32 1614144634 13316.600000 -1.000000 -101.000000 0.000000 0.000000
32 1614144635 13316.600000 -1.000000 -101.000000 0.000000 0.000000
32 1614144636 13316.600000 -1.000000 -101.000000 0.000000 0.000000
32 1614144637 13316.600000 -1.000000 -101.000000 0.000000 0.000000
32 1614144638 171808.000000 -1.000000 -101.000000 0.000000 0.000000
32 1614144639 171808.000000 -1.000000 -101.000000 0.000000 0.000000
32 1614144640 171808.000000 -1.000000 -101.000000 0.000000 0.000000
32 1614144641 171808.000000 -1.000000 -101.000000 0.000000 0.000000
32 1614144642 171808.000000 -1.000000 -101.000000 0.000000 0.000000
32 1614144643 14676.000000 -1.000000 -101.000000 0.000000 0.000000
32 1614144644 14676.000000 -1.000000 -101.000000 0.000000 0.000000
32 1614144645 14676.000000 -1.000000 -101.000000 0.000000 0.000000
32 1614144646 14676.000000 -1.000000 -101.000000 0.000000 0.000000
32 1614144647 14676.000000 -1.000000 -101.000000 0.000000 0.000000
32 1614144648 11737.400000 -1.000000 -101.000000 0.000000 0.000000
32 1614144649 11737.400000 -1.000000 -101.000000 0.000000 0.000000
32 1614144650 11737.400000 -1.000000 -101.000000 0.000000 0.000000
32 1614144651 11737.400000 -1.000000 -101.000000 0.000000 0.000000
32 1614144652 11737.400000 -1.000000 -101.000000 0.000000 0.000000
32 1614144653 11887.200000 -1.000000 -101.000000 0.000000 0.000000
32 1614144654 11887.200000 -1.000000 -101.000000 0.000000 0.000000
32 1614144655 11887.200000 -1.000000 -101.000000 0.000000 0.000000
32 1614144656 11887.200000 -1.000000 -101.000000 0.000000 0.000000
32 1614144657 11887.200000 -1.000000 -101.000000 0.000000 0.000000
32 1614144658 170953.800000 -1.000000 -101.000000 0.000000 0.000000
32 1614144659 170953.800000 -1.000000 -101.000000 0.000000 0.000000
32 1614144660 170953.800000 -1.000000 -101.000000 0.000000 0.000000
32 1614144661 170953.800000 -1.000000 -101.000000 0.000000 0.000000
32 1614144662 170953.800000 -1.000000 -101.000000 0.000000 0.000000
32 1614144663 257075.800000 -1.000000 -101.000000 0.000000 0.000000
32 1614144664 257075.800000 -1.000000 -101.000000 0.000000 0.000000
32 1614144665 257075.800000 -1.000000 -101.000000 0.000000 0.000000
32 1614144666 257075.800000 -1.000000 -101.000000 0.000000 0.000000
32 1614144667 257075.800000 -1.000000 -101.000000 0.000000 0.000000
32 1614144668 106934.000000 -1.000000 -101.000000 0.000000 0.000000
32 1614144669 106934.000000 -1.000000 -101.000000 0.000000 0.000000
32 1614144670 106934.000000 -1.000000 -101.000000 0.000000 0.000000
32 1614144671 106934.000000 -1.000000 -101.000000 0.000000 0.000000
32 1614144672 106934.000000 -1.000000 -101.000000 0.000000 0.000000
32 1614144673 256089.600000 -1.000000 -101.000000 0.000000 0.000000
32 1614144674 256089.600000 -1.000000 -101.000000 0.000000 0.000000
32 1614144675 256089.600000 -1.000000 -101.000000 0.000000 0.000000
32 1614144676 256089.600000 -1.000000 -101.000000 0.000000 0.000000
32 1614144677 256089.600000 -1.000000 -101.000000 0.000000 0.000000
32 1614144678 105356.000000 -1.000000 -101.000000 0.000000 0.000000
32 1614144679 105356.000000 -1.000000 -101.000000 0.000000 0.000000
32 1614144680 105356.000000 -1.000000 -101.000000 0.000000 0.000000
32 1614144681 105356.000000 -1.000000 -101.000000 0.000000 0.000000
32 1614144682 105356.000000 -1.000000 -101.000000 0.000000 0.000000
32 1614144683 219515.000000 -1.000000 -101.000000 0.000000 0.000000
32 1614144684 219515.000000 -1.000000 -101.000000 0.000000 0.000000
32 1614144685 219515.000000 -1.000000 -101.000000 0.000000 0.000000
32 1614144686 219515.000000 -1.000000 -101.000000 0.000000 0.000000
32 1614144687 219515.000000 -1.000000 -101.000000 0.000000 0.000000
32 1614144688 212176.400000 -1.000000 -101.000000 0.000000 0.000000
32 1614144689 212176.400000 -1.000000 -101.000000 0.000000 0.000000
32 1614144690 212176.400000 -1.000000 -101.000000 0.000000 0.000000
32 1614144691 212176.400000 -1.000000 -101.000000 0.000000 0.000000
32 1614144692 212176.400000 -1.000000 -101.000000 0.000000 0.000000
32 1614144693 123372.000000 -1.000000 -101.000000 0.000000 0.000000
32 1614144694 123372.000000 -1.000000 -101.000000 0.000000 0.000000
32 1614144695 123372.000000 -1.000000 -101.000000 0.000000 0.000000
32 1614144696 123372.000000 -1.000000 -101.000000 0.000000 0.000000
32 1614144697 123372.000000 -1.000000 -101.000000 0.000000 0.000000
32 1614144698 63950.200000 -1.000000 -101.000000 0.000000 0.000000
32 1614144699 63950.200000 -1.000000 -101.000000 0.000000 0.000000
32 1614144700 63950.200000 -1.000000 -101.000000 0.000000 0.000000
32 1614144701 63950.200000 -1.000000 -101.000000 0.000000 0.000000
32 1614144702 63950.200000 -1.000000 -101.000000 0.000000 0.000000
32 1614144765 6395.666667 -1.000000 6395.666667 6395.666667 32723641.688889
32 1614144764 6395.666667 -1.000000 6395.666667 6395.666667 32723641.688889
32 1614144763 6395.666667 -1.000000 6395.666667 6395.666667 32723641.688889
32 1614144762 2170.000000 -1.000000 2170.000000 2170.000000 3767120.000000
32 1614144761 2170.000000 -1.000000 2170.000000 2170.000000 3767120.000000
32 1614144760 2170.000000 -1.000000 2170.000000 2170.000000 3767120.000000
32 1614144759 2170.000000 -1.000000 2170.000000 2170.000000 3767120.000000
32 1614144758 2170.000000 -1.000000 2170.000000 2170.000000 3767120.000000
32 1614144757 3531.200000 -1.000000 3531.200000 3531.200000 9975498.752000
32 1614144756 3531.200000 -1.000000 3531.200000 3531.200000 9975498.752000
32 1614144755 3531.200000 -1.000000 3531.200000 3531.200000 9975498.752000
32 1614144754 3531.200000 -1.000000 3531.200000 3531.200000 9975498.752000
32 1614144753 3531.200000 -1.000000 3531.200000 3531.200000 9975498.752000
32 1614144752 9542.000000 -1.000000 9542.000000 9542.000000 72839811.200000
32 1614144751 9542.000000 -1.000000 9542.000000 9542.000000 72839811.200000
32 1614144750 9542.000000 -1.000000 9542.000000 9542.000000 72839811.200000
32 1614144749 9542.000000 -1.000000 9542.000000 9542.000000 72839811.200000
32 1614144748 9542.000000 -1.000000 9542.000000 9542.000000 72839811.200000
32 1614144747 5283.600000 -1.000000 5283.600000 5283.600000 22333143.168000
32 1614144746 5283.600000 -1.000000 5283.600000 5283.600000 22333143.168000
32 1614144745 5283.600000 -1.000000 5283.600000 5283.600000 22333143.168000
32 1614144744 5283.600000 -1.000000 5283.600000 5283.600000 22333143.168000
32 1614144743 5283.600000 -1.000000 5283.600000 5283.600000 22333143.168000
32 1614144742 6231.000000 -1.000000 6231.000000 6231.000000 31060288.800000
32 1614144741 6231.000000 -1.000000 6231.000000 6231.000000 31060288.800000
32 1614144740 6231.000000 -1.000000 6231.000000 6231.000000 31060288.800000
32 1614144739 6231.000000 -1.000000 6231.000000 6231.000000 31060288.800000
32 1614144738 6231.000000 -1.000000 6231.000000 6231.000000 31060288.800000
32 1614144737 7377.400000 -1.000000 7377.400000 7377.400000 43540824.608000
32 1614144736 7377.400000 -1.000000 7377.400000 7377.400000 43540824.608000
32 1614144735 7377.400000 -1.000000 7377.400000 7377.400000 43540824.608000
32 1614144734 7377.400000 -1.000000 7377.400000 7377.400000 43540824.608000
32 1614144733 7377.400000 -1.000000 7377.400000 7377.400000 43540824.608000
32 1614144732 5159.000000 -1.000000 5159.000000 5159.000000 21292224.800000
32 1614144731 5159.000000 -1.000000 5159.000000 5159.000000 21292224.800000
32 1614144730 5159.000000 -1.000000 5159.000000 5159.000000 21292224.800000
32 1614144729 5159.000000 -1.000000 5159.000000 5159.000000 21292224.800000
32 1614144728 5159.000000 -1.000000 5159.000000 5159.000000 21292224.800000
32 1614144727 23884.400000 -1.000000 23884.400000 23884.400000 456371650.688000
32 1614144726 23884.400000 -1.000000 23884.400000 23884.400000 456371650.688000
32 1614144725 23884.400000 -1.000000 23884.400000 23884.400000 456371650.688000
32 1614144724 23884.400000 -1.000000 23884.400000 23884.400000 456371650.688000
32 1614144723 23884.400000 -1.000000 23884.400000 23884.400000 456371650.688000
32 1614144722 6072.200000 -1.000000 6072.200000 6072.200000 29497290.272000
32 1614144721 6072.200000 -1.000000 6072.200000 6072.200000 29497290.272000
32 1614144720 6072.200000 -1.000000 6072.200000 6072.200000 29497290.272000
32 1614144719 6072.200000 -1.000000 6072.200000 6072.200000 29497290.272000
32 1614144718 6072.200000 -1.000000 6072.200000 6072.200000 29497290.272000
32 1614144717 18325.000000 -1.000000 18325.000000 18325.000000 268644500.000000
32 1614144716 18325.000000 -1.000000 18325.000000 18325.000000 268644500.000000
32 1614144715 18325.000000 -1.000000 18325.000000 18325.000000 268644500.000000
32 1614144714 18325.000000 -1.000000 18325.000000 18325.000000 268644500.000000
32 1614144713 18325.000000 -1.000000 18325.000000 18325.000000 268644500.000000
32 1614144712 16045.000000 -1.000000 16045.000000 16045.000000 205953620.000000
32 1614144711 16045.000000 -1.000000 16045.000000 16045.000000 205953620.000000
32 1614144710 16045.000000 -1.000000 16045.000000 16045.000000 205953620.000000
32 1614144709 16045.000000 -1.000000 16045.000000 16045.000000 205953620.000000
32 1614144708 16045.000000 -1.000000 16045.000000 16045.000000 205953620.000000
32 1614144707 122118.600000 -1.000000 122118.600000 122118.600000 11930361972.768002
32 1614144706 122118.600000 -1.000000 122118.600000 122118.600000 11930361972.768002
32 1614144705 122118.600000 -1.000000 122118.600000 122118.600000 11930361972.768002
32 1614144704 122118.600000 -1.000000 122118.600000 122118.600000 11930361972.768002
32 1614144703 122118.600000 -1.000000 122118.600000 122118.600000 11930361972.768002
