30 1614144338 5.400000 -1.000000 -101.000000 0.000000 0.000000
30 1614144339 5.400000 -1.000000 -101.000000 0.000000 0.000000
30 1614144340 5.400000 -1.000000 -101.000000 0.000000 0.000000
33 1614144338 1.800000 -1.000000 -101.000000 0.000000 0.000000
33 1614144339 1.800000 -1.000000 -101.000000 0.000000 0.000000
33 1614144340 1.800000 -1.000000 -101.000000 0.000000 0.000000
30 1614144341 5.400000 -1.000000 -101.000000 0.000000 0.000000
30 1614144342 5.400000 -1.000000 -101.000000 0.000000 0.000000
30 1614144343 5.400000 -1.000000 -101.000000 0.000000 0.000000
30 1614144344 5.400000 -1.000000 -101.000000 0.000000 0.000000
30 1614144345 5.400000 -1.000000 -101.000000 0.000000 0.000000
33 1614144341 1.800000 -1.000000 -101.000000 0.000000 0.000000
33 1614144342 1.800000 -1.000000 -101.000000 0.000000 0.000000
33 1614144343 1.800000 -1.000000 -101.000000 0.000000 0.000000
33 1614144344 1.800000 -1.000000 -101.000000 0.000000 0.000000
33 1614144345 1.800000 -1.000000 -101.000000 0.000000 0.000000
30 1614144346 5.400000 -1.000000 -101.000000 0.000000 0.000000
30 1614144347 5.400000 -1.000000 -101.000000 0.000000 0.000000
30 1614144348 5.400000 -1.000000 -101.000000 0.000000 0.000000
30 1614144349 5.400000 -1.000000 -101.000000 0.000000 0.000000
30 1614144350 5.400000 -1.000000 -101.000000 0.000000 0.000000
33 1614144346 1.800000 -1.000000 -101.000000 0.000000 0.000000
33 1614144347 1.800000 -1.000000 -101.000000 0.000000 0.000000
33 1614144348 1.800000 -1.000000 -101.000000 0.000000 0.000000
33 1614144349 1.800000 -1.000000 -101.000000 0.000000 0.000000
33 1614144350 1.800000 -1.000000 -101.000000 0.000000 0.000000
30 1614144351 5.400000 -1.000000 -101.000000 0.000000 0.000000
30 1614144352 5.400000 -1.000000 -101.000000 0.000000 0.000000
30 1614144353 5.400000 -1.000000 -101.000000 0.000000 0.000000
30 1614144354 5.400000 -1.000000 -101.000000 0.000000 0.000000
30 1614144355 5.400000 -1.000000 -101.000000 0.000000 0.000000
33 1614144351 1.800000 -1.000000 -101.000000 0.000000 0.000000
33 1614144352 1.800000 -1.000000 -101.000000 0.000000 0.000000
33 1614144353 1.800000 -1.000000 -101.000000 0.000000 0.000000
33 1614144354 1.800000 -1.000000 -101.000000 0.000000 0.000000
33 1614144355 1.800000 -1.000000 -101.000000 0.000000 0.000000
30 1614144356 5.400000 -1.000000 -101.000000 0.000000 0.000000
30 1614144357 5.400000 -1.000000 -101.000000 0.000000 0.000000
30 1614144358 8.800000 -1.000000 -101.000000 0.000000 0.000000
30 1614144359 8.800000 -1.000000 -101.000000 0.000000 0.000000
30 1614144360 8.800000 -1.000000 -101.000000 0.000000 0.000000
33 1614144356 1.800000 -1.000000 -101.000000 0.000000 0.000000
33 1614144357 1.800000 -1.000000 -101.000000 0.000000 0.000000
33 1614144358 4.600000 -1.000000 -101.000000 0.000000 0.000000
33 1614144359 4.600000 -1.000000 -101.000000 0.000000 0.000000
33 1614144360 4.600000 -1.000000 -101.000000 0.000000 0.000000
30 1614144361 8.800000 -1.000000 -101.000000 0.000000 0.000000
30 1614144362 8.800000 -1.000000 -101.000000 0.000000 0.000000
30 1614144363 9.000000 -1.000000 -101.000000 0.000000 0.000000
30 1614144364 9.000000 -1.000000 -101.000000 0.000000 0.000000
30 1614144365 9.000000 -1.000000 -101.000000 0.000000 0.000000
33 1614144361 4.600000 -1.000000 -101.000000 0.000000 0.000000
33 1614144362 4.600000 -1.000000 -101.000000 0.000000 0.000000
33 1614144363 4.800000 -1.000000 -101.000000 0.000000 0.000000
33 1614144364 4.800000 -1.000000 -101.000000 0.000000 0.000000
33 1614144365 4.800000 -1.000000 -101.000000 0.000000 0.000000
30 1614144366 9.000000 -1.000000 -101.000000 0.000000 0.000000
30 1614144367 9.000000 -1.000000 -101.000000 0.000000 0.000000
30 1614144368 14.400000 -1.000000 -101.000000 0.000000 0.000000
30 1614144369 14.400000 -1.000000 -101.000000 0.000000 0.000000
30 1614144370 14.400000 -1.000000 -101.000000 0.000000 0.000000
33 1614144366 4.800000 -1.000000 -101.000000 0.000000 0.000000
33 1614144367 4.800000 -1.000000 -101.000000 0.000000 0.000000
33 1614144368 6.600000 -1.000000 -101.000000 0.000000 0.000000
33 1614144369 6.600000 -1.000000 -101.000000 0.000000 0.000000
33 1614144370 6.600000 -1.000000 -101.000000 0.000000 0.000000
30 1614144371 14.400000 -1.000000 -101.000000 0.000000 0.000000
30 1614144372 14.400000 -1.000000 -101.000000 0.000000 0.000000
30 1614144373 15.400000 -1.000000 -101.000000 0.000000 0.000000
30 1614144374 15.400000 -1.000000 -101.000000 0.000000 0.000000
30 1614144375 15.400000 -1.000000 -101.000000 0.000000 0.000000
33 1614144371 6.600000 -1.000000 -101.000000 0.000000 0.000000
33 1614144372 6.600000 -1.000000 -101.000000 0.000000 0.000000
33 1614144373 13.400000 -1.000000 -101.000000 0.000000 0.000000
33 1614144374 13.400000 -1.000000 -101.000000 0.000000 0.000000
33 1614144375 13.400000 -1.000000 -101.000000 0.000000 0.000000
30 1614144376 15.400000 -1.000000 -101.000000 0.000000 0.000000
30 1614144377 15.400000 -1.000000 -101.000000 0.000000 0.000000
30 1614144378 3.600000 -1.000000 -101.000000 0.000000 0.000000
30 1614144379 3.600000 -1.000000 -101.000000 0.000000 0.000000
30 1614144380 3.600000 -1.000000 -101.000000 0.000000 0.000000
33 1614144376 13.400000 -1.000000 -101.000000 0.000000 0.000000
33 1614144377 13.400000 -1.000000 -101.000000 0.000000 0.000000
33 1614144378 3.000000 -1.000000 -101.000000 0.000000 0.000000
33 1614144379 3.000000 -1.000000 -101.000000 0.000000 0.000000
33 1614144380 3.000000 -1.000000 -101.000000 0.000000 0.000000
30 1614144381 3.600000 -1.000000 -101.000000 0.000000 0.000000
30 1614144382 3.600000 -1.000000 -101.000000 0.000000 0.000000
30 1614144383 4.000000 -1.000000 -101.000000 0.000000 0.000000
30 1614144384 4.000000 -1.000000 -101.000000 0.000000 0.000000
30 1614144385 4.000000 -1.000000 -101.000000 0.000000 0.000000
33 1614144381 3.000000 -1.000000 -101.000000 0.000000 0.000000
33 1614144382 3.000000 -1.000000 -101.000000 0.000000 0.000000
33 1614144383 6.400000 -1.000000 -101.000000 0.000000 0.000000
33 1614144384 6.400000 -1.000000 -101.000000 0.000000 0.000000
33 1614144385 6.400000 -1.000000 -101.000000 0.000000 0.000000
30 1614144386 4.000000 -1.000000 -101.000000 0.000000 0.000000
30 1614144387 4.000000 -1.000000 -101.000000 0.000000 0.000000
30 1614144388 4.200000 -1.000000 -101.000000 0.000000 0.000000
30 1614144389 4.200000 -1.000000 -101.000000 0.000000 0.000000
30 1614144390 4.200000 -1.000000 -101.000000 0.000000 0.000000
33 1614144386 6.400000 -1.000000 -101.000000 0.000000 0.000000
33 1614144387 6.400000 -1.000000 -101.000000 0.000000 0.000000
33 1614144388 6.400000 -1.000000 -101.000000 0.000000 0.000000
33 1614144389 6.400000 -1.000000 -101.000000 0.000000 0.000000
33 1614144390 6.400000 -1.000000 -101.000000 0.000000 0.000000
30 1614144391 4.200000 -1.000000 -101.000000 0.000000 0.000000
30 1614144392 4.200000 -1.000000 -101.000000 0.000000 0.000000
30 1614144393 4.800000 -1.000000 -101.000000 0.000000 0.000000
30 1614144394 4.800000 -1.000000 -101.000000 0.000000 0.000000
30 1614144395 4.800000 -1.000000 -101.000000 0.000000 0.000000
33 1614144391 6.400000 -1.000000 -101.000000 0.000000 0.000000
33 1614144392 6.400000 -1.000000 -101.000000 0.000000 0.000000
33 1614144393 10.600000 -1.000000 -101.000000 0.000000 0.000000
33 1614144394 10.600000 -1.000000 -101.000000 0.000000 0.000000
33 1614144395 10.600000 -1.000000 -101.000000 0.000000 0.000000
30 1614144396 4.800000 -1.000000 -101.000000 0.000000 0.000000
30 1614144397 4.800000 -1.000000 -101.000000 0.000000 0.000000
30 1614144398 5.800000 -1.000000 -101.000000 0.000000 0.000000
30 1614144399 5.800000 -1.000000 -101.000000 0.000000 0.000000
30 1614144400 5.800000 -1.000000 -101.000000 0.000000 0.000000
33 1614144396 10.600000 -1.000000 -101.000000 0.000000 0.000000
33 1614144397 10.600000 -1.000000 -101.000000 0.000000 0.000000
33 1614144398 6.600000 -1.000000 -101.000000 0.000000 0.000000
33 1614144399 6.600000 -1.000000 -101.000000 0.000000 0.000000
33 1614144400 6.600000 -1.000000 -101.000000 0.000000 0.000000
30 1614144401 5.800000 -1.000000 -101.000000 0.000000 0.000000
30 1614144402 5.800000 -1.000000 -101.000000 0.000000 0.000000
30 1614144403 10.400000 -1.000000 -101.000000 0.000000 0.000000
30 1614144404 10.400000 -1.000000 -101.000000 0.000000 0.000000
30 1614144405 10.400000 -1.000000 -101.000000 0.000000 0.000000
33 1614144401 6.600000 -1.000000 -101.000000 0.000000 0.000000
33 1614144402 6.600000 -1.000000 -101.000000 0.000000 0.000000
33 1614144403 8.000000 -1.000000 -101.000000 0.000000 0.000000
33 1614144404 8.000000 -1.000000 -101.000000 0.000000 0.000000
33 1614144405 8.000000 -1.000000 -101.000000 0.000000 0.000000
30 1614144406 10.400000 -1.000000 -101.000000 0.000000 0.000000
30 1614144407 10.400000 -1.000000 -101.000000 0.000000 0.000000
30 1614144408 8.200000 -1.000000 -101.000000 0.000000 0.000000
30 1614144409 8.200000 -1.000000 -101.000000 0.000000 0.000000
30 1614144410 8.200000 -1.000000 -101.000000 0.000000 0.000000
33 1614144406 8.000000 -1.000000 -101.000000 0.000000 0.000000
33 1614144407 8.000000 -1.000000 -101.000000 0.000000 0.000000
33 1614144408 9.000000 -1.000000 -101.000000 0.000000 0.000000
33 1614144409 9.000000 -1.000000 -101.000000 0.000000 0.000000
33 1614144410 9.000000 -1.000000 -101.000000 0.000000 0.000000
30 1614144411 8.200000 -1.000000 -101.000000 0.000000 0.000000
30 1614144412 8.200000 -1.000000 -101.000000 0.000000 0.000000
30 1614144413 6.600000 -1.000000 -101.000000 0.000000 0.000000
30 1614144414 6.600000 -1.000000 -101.000000 0.000000 0.000000
30 1614144415 6.600000 -1.000000 -101.000000 0.000000 0.000000
33 1614144411 9.000000 -1.000000 -101.000000 0.000000 0.000000
33 1614144412 9.000000 -1.000000 -101.000000 0.000000 0.000000
33 1614144413 3.600000 -1.000000 -101.000000 0.000000 0.000000
33 1614144414 3.600000 -1.000000 -101.000000 0.000000 0.000000
33 1614144415 3.600000 -1.000000 -101.000000 0.000000 0.000000
30 1614144416 6.600000 -1.000000 -101.000000 0.000000 0.000000
30 1614144417 6.600000 -1.000000 -101.000000 0.000000 0.000000
30 1614144418 8.400000 -1.000000 -101.000000 0.000000 0.000000
30 1614144419 8.400000 -1.000000 -101.000000 0.000000 0.000000
30 1614144420 8.400000 -1.000000 -101.000000 0.000000 0.000000
33 1614144416 3.600000 -1.000000 -101.000000 0.000000 0.000000
33 1614144417 3.600000 -1.000000 -101.000000 0.000000 0.000000
33 1614144418 7.800000 -1.000000 -101.000000 0.000000 0.000000
33 1614144419 7.800000 -1.000000 -101.000000 0.000000 0.000000
33 1614144420 7.800000 -1.000000 -101.000000 0.000000 0.000000
30 1614144421 8.400000 -1.000000 -101.000000 0.000000 0.000000
30 1614144422 8.400000 -1.000000 -101.000000 0.000000 0.000000
30 1614144423 11.200000 -1.000000 -101.000000 0.000000 0.000000
30 1614144424 11.200000 -1.000000 -101.000000 0.000000 0.000000
30 1614144425 11.200000 -1.000000 -101.000000 0.000000 0.000000
33 1614144421 7.800000 -1.000000 -101.000000 0.000000 0.000000
33 1614144422 7.800000 -1.000000 -101.000000 0.000000 0.000000
33 1614144423 10.800000 -1.000000 -101.000000 0.000000 0.000000
33 1614144424 10.800000 -1.000000 -101.000000 0.000000 0.000000
33 1614144425 10.800000 -1.000000 -101.000000 0.000000 0.000000
30 1614144426 11.200000 -1.000000 -101.000000 0.000000 0.000000
30 1614144427 11.200000 -1.000000 -101.000000 0.000000 0.000000
30 1614144428 9.600000 -1.000000 -101.000000 0.000000 0.000000
30 1614144429 9.600000 -1.000000 -101.000000 0.000000 0.000000
30 1614144430 9.600000 -1.000000 -101.000000 0.000000 0.000000
33 1614144426 10.800000 -1.000000 -101.000000 0.000000 0.000000
33 1614144427 10.800000 -1.000000 -101.000000 0.000000 0.000000
33 1614144428 7.400000 -1.000000 -101.000000 0.000000 0.000000
33 1614144429 7.400000 -1.000000 -101.000000 0.000000 0.000000
33 1614144430 7.400000 -1.000000 -101.000000 0.000000 0.000000
30 1614144431 9.600000 -1.000000 -101.000000 0.000000 0.000000
30 1614144432 9.600000 -1.000000 -101.000000 0.000000 0.000000
30 1614144433 10.800000 -1.000000 -101.000000 0.000000 0.000000
30 1614144434 10.800000 -1.000000 -101.000000 0.000000 0.000000
30 1614144435 10.800000 -1.000000 -101.000000 0.000000 0.000000
33 1614144431 7.400000 -1.000000 -101.000000 0.000000 0.000000
33 1614144432 7.400000 -1.000000 -101.000000 0.000000 0.000000
33 1614144433 8.400000 -1.000000 -101.000000 0.000000 0.000000
33 1614144434 8.400000 -1.000000 -101.000000 0.000000 0.000000
33 1614144435 8.400000 -1.000000 -101.000000 0.000000 0.000000
30 1614144436 10.800000 -1.000000 -101.000000 0.000000 0.000000
30 1614144437 10.800000 -1.000000 -101.000000 0.000000 0.000000
30 1614144438 9.200000 -1.000000 -101.000000 0.000000 0.000000
30 1614144439 9.200000 -1.000000 -101.000000 0.000000 0.000000
30 1614144440 9.200000 -1.000000 -101.000000 0.000000 0.000000
33 1614144436 8.400000 -1.000000 -101.000000 0.000000 0.000000
33 1614144437 8.400000 -1.000000 -101.000000 0.000000 0.000000
33 1614144438 10.200000 -1.000000 -101.000000 0.000000 0.000000
33 1614144439 10.200000 -1.000000 -101.000000 0.000000 0.000000
33 1614144440 10.200000 -1.000000 -101.000000 0.000000 0.000000
30 1614144441 9.200000 -1.000000 -101.000000 0.000000 0.000000
30 1614144442 9.200000 -1.000000 -101.000000 0.000000 0.000000
30 1614144443 4.000000 -1.000000 -101.000000 0.000000 0.000000
30 1614144444 4.000000 -1.000000 -101.000000 0.000000 0.000000
30 1614144445 4.000000 -1.000000 -101.000000 0.000000 0.000000
33 1614144441 10.200000 -1.000000 -101.000000 0.000000 0.000000
33 1614144442 10.200000 -1.000000 -101.000000 0.000000 0.000000
33 1614144443 5.200000 -1.000000 -101.000000 0.000000 0.000000
33 1614144444 5.200000 -1.000000 -101.000000 0.000000 0.000000
33 1614144445 5.200000 -1.000000 -101.000000 0.000000 0.000000
30 1614144446 4.000000 -1.000000 -101.000000 0.000000 0.000000
30 1614144447 4.000000 -1.000000 -101.000000 0.000000 0.000000
30 1614144448 4.200000 -1.000000 -101.000000 0.000000 0.000000
30 1614144449 4.200000 -1.000000 -101.000000 0.000000 0.000000
30 1614144450 4.200000 -1.000000 -101.000000 0.000000 0.000000
33 1614144446 5.200000 -1.000000 -101.000000 0.000000 0.000000
33 1614144447 5.200000 -1.000000 -101.000000 0.000000 0.000000
33 1614144448 7.200000 -1.000000 -101.000000 0.000000 0.000000
33 1614144449 7.200000 -1.000000 -101.000000 0.000000 0.000000
33 1614144450 7.200000 -1.000000 -101.000000 0.000000 0.000000
30 1614144451 4.200000 -1.000000 -101.000000 0.000000 0.000000
30 1614144452 4.200000 -1.000000 -101.000000 0.000000 0.000000
30 1614144453 4.600000 -1.000000 -101.000000 0.000000 0.000000
30 1614144454 4.600000 -1.000000 -101.000000 0.000000 0.000000
30 1614144455 4.600000 -1.000000 -101.000000 0.000000 0.000000
33 1614144451 7.200000 -1.000000 -101.000000 0.000000 0.000000
33 1614144452 7.200000 -1.000000 -101.000000 0.000000 0.000000
33 1614144453 7.600000 -1.000000 -101.000000 0.000000 0.000000
33 1614144454 7.600000 -1.000000 -101.000000 0.000000 0.000000
33 1614144455 7.600000 -1.000000 -101.000000 0.000000 0.000000
30 1614144456 4.600000 -1.000000 -101.000000 0.000000 0.000000
30 1614144457 4.600000 -1.000000 -101.000000 0.000000 0.000000
30 1614144458 7.600000 -1.000000 -101.000000 0.000000 0.000000
30 1614144459 7.600000 -1.000000 -101.000000 0.000000 0.000000
30 1614144460 7.600000 -1.000000 -101.000000 0.000000 0.000000
33 1614144456 7.600000 -1.000000 -101.000000 0.000000 0.000000
33 1614144457 7.600000 -1.000000 -101.000000 0.000000 0.000000
33 1614144458 13.600000 -1.000000 -101.000000 0.000000 0.000000
33 1614144459 13.600000 -1.000000 -101.000000 0.000000 0.000000
33 1614144460 13.600000 -1.000000 -101.000000 0.000000 0.000000
30 1614144461 7.600000 -1.000000 -101.000000 0.000000 0.000000
30 1614144462 7.600000 -1.000000 -101.000000 0.000000 0.000000
30 1614144463 9.200000 -1.000000 -101.000000 0.000000 0.000000
30 1614144464 9.200000 -1.000000 -101.000000 0.000000 0.000000
30 1614144465 9.200000 -1.000000 -101.000000 0.000000 0.000000
33 1614144461 13.600000 -1.000000 -101.000000 0.000000 0.000000
33 1614144462 13.600000 -1.000000 -101.000000 0.000000 0.000000
33 1614144463 7.600000 -1.000000 -101.000000 0.000000 0.000000
33 1614144464 7.600000 -1.000000 -101.000000 0.000000 0.000000
33 1614144465 7.600000 -1.000000 -101.000000 0.000000 0.000000
30 1614144466 9.200000 -1.000000 -101.000000 0.000000 0.000000
30 1614144467 9.200000 -1.000000 -101.000000 0.000000 0.000000
30 1614144468 12.600000 -1.000000 -101.000000 0.000000 0.000000
30 1614144469 12.600000 -1.000000 -101.000000 0.000000 0.000000
30 1614144470 12.600000 -1.000000 -101.000000 0.000000 0.000000
33 1614144466 7.600000 -1.000000 -101.000000 0.000000 0.000000
33 1614144467 7.600000 -1.000000 -101.000000 0.000000 0.000000
33 1614144468 7.000000 -1.000000 -101.000000 0.000000 0.000000
33 1614144469 7.000000 -1.000000 -101.000000 0.000000 0.000000
33 1614144470 7.000000 -1.000000 -101.000000 0.000000 0.000000
30 1614144471 12.600000 -1.000000 -101.000000 0.000000 0.000000
30 1614144472 12.600000 -1.000000 -101.000000 0.000000 0.000000
30 1614144473 5.600000 -1.000000 -101.000000 0.000000 0.000000
30 1614144474 5.600000 -1.000000 -101.000000 0.000000 0.000000
30 1614144475 5.600000 -1.000000 -101.000000 0.000000 0.000000
33 1614144471 7.000000 -1.000000 -101.000000 0.000000 0.000000
33 1614144472 7.000000 -1.000000 -101.000000 0.000000 0.000000
33 1614144473 6.200000 -1.000000 -101.000000 0.000000 0.000000
33 1614144474 6.200000 -1.000000 -101.000000 0.000000 0.000000
33 1614144475 6.200000 -1.000000 -101.000000 0.000000 0.000000
30 1614144476 5.600000 -1.000000 -101.000000 0.000000 0.000000
30 1614144477 5.600000 -1.000000 -101.000000 0.000000 0.000000
30 1614144478 6.600000 -1.000000 -101.000000 0.000000 0.000000
30 1614144479 6.600000 -1.000000 -101.000000 0.000000 0.000000
30 1614144480 6.600000 -1.000000 -101.000000 0.000000 0.000000
33 1614144476 6.200000 -1.000000 -101.000000 0.000000 0.000000
33 1614144477 6.200000 -1.000000 -101.000000 0.000000 0.000000
33 1614144478 3.800000 -1.000000 -101.000000 0.000000 0.000000
33 1614144479 3.800000 -1.000000 -101.000000 0.000000 0.000000
33 1614144480 3.800000 -1.000000 -101.000000 0.000000 0.000000
30 1614144481 6.600000 -1.000000 -101.000000 0.000000 0.000000
30 1614144482 6.600000 -1.000000 -101.000000 0.000000 0.000000
30 1614144483 8.400000 -1.000000 -101.000000 0.000000 0.000000
30 1614144484 8.400000 -1.000000 -101.000000 0.000000 0.000000
30 1614144485 8.400000 -1.000000 -101.000000 0.000000 0.000000
33 1614144481 3.800000 -1.000000 -101.000000 0.000000 0.000000
33 1614144482 3.800000 -1.000000 -101.000000 0.000000 0.000000
33 1614144483 4.800000 -1.000000 -101.000000 0.000000 0.000000
33 1614144484 4.800000 -1.000000 -101.000000 0.000000 0.000000
33 1614144485 4.800000 -1.000000 -101.000000 0.000000 0.000000
30 1614144486 8.400000 -1.000000 -101.000000 0.000000 0.000000
30 1614144487 8.400000 -1.000000 -101.000000 0.000000 0.000000
30 1614144488 14.000000 -1.000000 -101.000000 0.000000 0.000000
30 1614144489 14.000000 -1.000000 -101.000000 0.000000 0.000000
30 1614144490 14.000000 -1.000000 -101.000000 0.000000 0.000000
33 1614144486 4.800000 -1.000000 -101.000000 0.000000 0.000000
33 1614144487 4.800000 -1.000000 -101.000000 0.000000 0.000000
33 1614144488 8.600000 -1.000000 -101.000000 0.000000 0.000000
33 1614144489 8.600000 -1.000000 -101.000000 0.000000 0.000000
33 1614144490 8.600000 -1.000000 -101.000000 0.000000 0.000000
30 1614144491 14.000000 -1.000000 -101.000000 0.000000 0.000000
30 1614144492 14.000000 -1.000000 -101.000000 0.000000 0.000000
30 1614144493 8.200000 -1.000000 -101.000000 0.000000 0.000000
30 1614144494 8.200000 -1.000000 -101.000000 0.000000 0.000000
30 1614144495 8.200000 -1.000000 -101.000000 0.000000 0.000000
33 1614144491 8.600000 -1.000000 -101.000000 0.000000 0.000000
33 1614144492 8.600000 -1.000000 -101.000000 0.000000 0.000000
33 1614144493 8.600000 -1.000000 -101.000000 0.000000 0.000000
33 1614144494 8.600000 -1.000000 -101.000000 0.000000 0.000000
33 1614144495 8.600000 -1.000000 -101.000000 0.000000 0.000000
30 1614144496 8.200000 -1.000000 -101.000000 0.000000 0.000000
30 1614144497 8.200000 -1.000000 -101.000000 0.000000 0.000000
30 1614144498 13.400000 -1.000000 -101.000000 0.000000 0.000000
30 1614144499 13.400000 -1.000000 -101.000000 0.000000 0.000000
30 1614144500 13.400000 -1.000000 -101.000000 0.000000 0.000000
33 1614144496 8.600000 -1.000000 -101.000000 0.000000 0.000000
33 1614144497 8.600000 -1.000000 -101.000000 0.000000 0.000000
33 1614144498 10.000000 -1.000000 -101.000000 0.000000 0.000000
33 1614144499 10.000000 -1.000000 -101.000000 0.000000 0.000000
33 1614144500 10.000000 -1.000000 -101.000000 0.000000 0.000000
30 1614144501 13.400000 -1.000000 -101.000000 0.000000 0.000000
30 1614144502 13.400000 -1.000000 -101.000000 0.000000 0.000000
30 1614144503 9.400000 -1.000000 -101.000000 0.000000 0.000000
30 1614144504 9.400000 -1.000000 -101.000000 0.000000 0.000000
30 1614144505 9.400000 -1.000000 -101.000000 0.000000 0.000000
33 1614144501 10.000000 -1.000000 -101.000000 0.000000 0.000000
33 1614144502 10.000000 -1.000000 -101.000000 0.000000 0.000000
33 1614144503 14.400000 -1.000000 -101.000000 0.000000 0.000000
33 1614144504 14.400000 -1.000000 -101.000000 0.000000 0.000000
33 1614144505 14.400000 -1.000000 -101.000000 0.000000 0.000000
30 1614144506 9.400000 -1.000000 -101.000000 0.000000 0.000000
30 1614144507 9.400000 -1.000000 -101.000000 0.000000 0.000000
30 1614144508 11.600000 -1.000000 -101.000000 0.000000 0.000000
30 1614144509 11.600000 -1.000000 -101.000000 0.000000 0.000000
30 1614144510 11.600000 -1.000000 -101.000000 0.000000 0.000000
33 1614144506 14.400000 -1.000000 -101.000000 0.000000 0.000000
33 1614144507 14.400000 -1.000000 -101.000000 0.000000 0.000000
33 1614144508 12.000000 -1.000000 -101.000000 0.000000 0.000000
33 1614144509 12.000000 -1.000000 -101.000000 0.000000 0.000000
33 1614144510 12.000000 -1.000000 -101.000000 0.000000 0.000000
30 1614144511 11.600000 -1.000000 -101.000000 0.000000 0.000000
30 1614144512 11.600000 -1.000000 -101.000000 0.000000 0.000000
30 1614144513 1.600000 -1.000000 -101.000000 0.000000 0.000000
30 1614144514 1.600000 -1.000000 -101.000000 0.000000 0.000000
30 1614144515 1.600000 -1.000000 -101.000000 0.000000 0.000000
33 1614144511 12.000000 -1.000000 -101.000000 0.000000 0.000000
33 1614144512 12.000000 -1.000000 -101.000000 0.000000 0.000000
33 1614144513 6.600000 -1.000000 -101.000000 0.000000 0.000000
33 1614144514 6.600000 -1.000000 -101.000000 0.000000 0.000000
33 1614144515 6.600000 -1.000000 -101.000000 0.000000 0.000000
30 1614144516 1.600000 -1.000000 -101.000000 0.000000 0.000000
30 1614144517 1.600000 -1.000000 -101.000000 0.000000 0.000000
30 1614144518 3.400000 -1.000000 -101.000000 0.000000 0.000000
30 1614144519 3.400000 -1.000000 -101.000000 0.000000 0.000000
30 1614144520 3.400000 -1.000000 -101.000000 0.000000 0.000000
33 1614144516 6.600000 -1.000000 -101.000000 0.000000 0.000000
33 1614144517 6.600000 -1.000000 -101.000000 0.000000 0.000000
33 1614144518 7.200000 -1.000000 -101.000000 0.000000 0.000000
33 1614144519 7.200000 -1.000000 -101.000000 0.000000 0.000000
33 1614144520 7.200000 -1.000000 -101.000000 0.000000 0.000000
30 1614144521 3.400000 -1.000000 -101.000000 0.000000 0.000000
30 1614144522 3.400000 -1.000000 -101.000000 0.000000 0.000000
30 1614144523 2.400000 -1.000000 -101.000000 0.000000 0.000000
30 1614144524 2.400000 -1.000000 -101.000000 0.000000 0.000000
30 1614144525 2.400000 -1.000000 -101.000000 0.000000 0.000000
33 1614144521 7.200000 -1.000000 -101.000000 0.000000 0.000000
33 1614144522 7.200000 -1.000000 -101.000000 0.000000 0.000000
33 1614144523 6.000000 -1.000000 -101.000000 0.000000 0.000000
33 1614144524 6.000000 -1.000000 -101.000000 0.000000 0.000000
33 1614144525 6.000000 -1.000000 -101.000000 0.000000 0.000000
30 1614144526 2.400000 -1.000000 -101.000000 0.000000 0.000000
30 1614144527 2.400000 -1.000000 -101.000000 0.000000 0.000000
30 1614144528 5.200000 -1.000000 -101.000000 0.000000 0.000000
30 1614144529 5.200000 -1.000000 -101.000000 0.000000 0.000000
30 1614144530 5.200000 -1.000000 -101.000000 0.000000 0.000000
33 1614144526 6.000000 -1.000000 -101.000000 0.000000 0.000000
33 1614144527 6.000000 -1.000000 -101.000000 0.000000 0.000000
33 1614144528 8.600000 -1.000000 -101.000000 0.000000 0.000000
33 1614144529 8.600000 -1.000000 -101.000000 0.000000 0.000000
33 1614144530 8.600000 -1.000000 -101.000000 0.000000 0.000000
30 1614144531 5.200000 -1.000000 -101.000000 0.000000 0.000000
30 1614144532 5.200000 -1.000000 -101.000000 0.000000 0.000000
30 1614144533 11.000000 -1.000000 -101.000000 0.000000 0.000000
30 1614144534 11.000000 -1.000000 -101.000000 0.000000 0.000000
30 1614144535 11.000000 -1.000000 -101.000000 0.000000 0.000000
33 1614144531 8.600000 -1.000000 -101.000000 0.000000 0.000000
33 1614144532 8.600000 -1.000000 -101.000000 0.000000 0.000000
33 1614144533 9.800000 -1.000000 -101.000000 0.000000 0.000000
33 1614144534 9.800000 -1.000000 -101.000000 0.000000 0.000000
33 1614144535 9.800000 -1.000000 -101.000000 0.000000 0.000000
30 1614144536 11.000000 -1.000000 -101.000000 0.000000 0.000000
30 1614144537 11.000000 -1.000000 -101.000000 0.000000 0.000000
30 1614144538 5.200000 -1.000000 -101.000000 0.000000 0.000000
30 1614144539 5.200000 -1.000000 -101.000000 0.000000 0.000000
30 1614144540 5.200000 -1.000000 -101.000000 0.000000 0.000000
33 1614144536 9.800000 -1.000000 -101.000000 0.000000 0.000000
33 1614144537 9.800000 -1.000000 -101.000000 0.000000 0.000000
33 1614144538 4.200000 -1.000000 -101.000000 0.000000 0.000000
33 1614144539 4.200000 -1.000000 -101.000000 0.000000 0.000000
33 1614144540 4.200000 -1.000000 -101.000000 0.000000 0.000000
30 1614144541 5.200000 -1.000000 -101.000000 0.000000 0.000000
30 1614144542 5.200000 -1.000000 -101.000000 0.000000 0.000000
30 1614144543 5.800000 -1.000000 -101.000000 0.000000 0.000000
30 1614144544 5.800000 -1.000000 -101.000000 0.000000 0.000000
30 1614144545 5.800000 -1.000000 -101.000000 0.000000 0.000000
33 1614144541 4.200000 -1.000000 -101.000000 0.000000 0.000000
33 1614144542 4.200000 -1.000000 -101.000000 0.000000 0.000000
33 1614144543 5.000000 -1.000000 -101.000000 0.000000 0.000000
33 1614144544 5.000000 -1.000000 -101.000000 0.000000 0.000000
33 1614144545 5.000000 -1.000000 -101.000000 0.000000 0.000000
30 1614144546 5.800000 -1.000000 -101.000000 0.000000 0.000000
30 1614144547 5.800000 -1.000000 -101.000000 0.000000 0.000000
30 1614144548 4.600000 -1.000000 -101.000000 0.000000 0.000000
30 1614144549 4.600000 -1.000000 -101.000000 0.000000 0.000000
30 1614144550 4.600000 -1.000000 -101.000000 0.000000 0.000000
33 1614144546 5.000000 -1.000000 -101.000000 0.000000 0.000000
33 1614144547 5.000000 -1.000000 -101.000000 0.000000 0.000000
33 1614144548 3.800000 -1.000000 -101.000000 0.000000 0.000000
33 1614144549 3.800000 -1.000000 -101.000000 0.000000 0.000000
33 1614144550 3.800000 -1.000000 -101.000000 0.000000 0.000000
30 1614144551 4.600000 -1.000000 -101.000000 0.000000 0.000000
30 1614144552 4.600000 -1.000000 -101.000000 0.000000 0.000000
30 1614144553 14.600000 -1.000000 -101.000000 0.000000 0.000000
30 1614144554 14.600000 -1.000000 -101.000000 0.000000 0.000000
30 1614144555 14.600000 -1.000000 -101.000000 0.000000 0.000000
33 1614144551 3.800000 -1.000000 -101.000000 0.000000 0.000000
33 1614144552 3.800000 -1.000000 -101.000000 0.000000 0.000000
33 1614144553 9.000000 -1.000000 -101.000000 0.000000 0.000000
33 1614144554 9.000000 -1.000000 -101.000000 0.000000 0.000000
33 1614144555 9.000000 -1.000000 -101.000000 0.000000 0.000000
30 1614144556 14.600000 -1.000000 -101.000000 0.000000 0.000000
30 1614144557 14.600000 -1.000000 -101.000000 0.000000 0.000000
30 1614144558 11.600000 -1.000000 -101.000000 0.000000 0.000000
30 1614144559 11.600000 -1.000000 -101.000000 0.000000 0.000000
30 1614144560 11.600000 -1.000000 -101.000000 0.000000 0.000000
33 1614144556 9.000000 -1.000000 -101.000000 0.000000 0.000000
33 1614144557 9.000000 -1.000000 -101.000000 0.000000 0.000000
33 1614144558 8.800000 -1.000000 -101.000000 0.000000 0.000000
33 1614144559 8.800000 -1.000000 -101.000000 0.000000 0.000000
33 1614144560 8.800000 -1.000000 -101.000000 0.000000 0.000000
30 1614144561 11.600000 -1.000000 -101.000000 0.000000 0.000000
30 1614144562 11.600000 -1.000000 -101.000000 0.000000 0.000000
30 1614144563 13.000000 -1.000000 -101.000000 0.000000 0.000000
30 1614144564 13.000000 -1.000000 -101.000000 0.000000 0.000000
30 1614144565 13.000000 -1.000000 -101.000000 0.000000 0.000000
33 1614144561 8.800000 -1.000000 -101.000000 0.000000 0.000000
33 1614144562 8.800000 -1.000000 -101.000000 0.000000 0.000000
33 1614144563 8.200000 -1.000000 -101.000000 0.000000 0.000000
33 1614144564 8.200000 -1.000000 -101.000000 0.000000 0.000000
33 1614144565 8.200000 -1.000000 -101.000000 0.000000 0.000000
30 1614144566 13.000000 -1.000000 -101.000000 0.000000 0.000000
30 1614144567 13.000000 -1.000000 -101.000000 0.000000 0.000000
30 1614144568 10.000000 -1.000000 -101.000000 0.000000 0.000000
30 1614144569 10.000000 -1.000000 -101.000000 0.000000 0.000000
30 1614144570 10.000000 -1.000000 -101.000000 0.000000 0.000000
33 1614144566 8.200000 -1.000000 -101.000000 0.000000 0.000000
33 1614144567 8.200000 -1.000000 -101.000000 0.000000 0.000000
33 1614144568 10.800000 -1.000000 -101.000000 0.000000 0.000000
33 1614144569 10.800000 -1.000000 -101.000000 0.000000 0.000000
33 1614144570 10.800000 -1.000000 -101.000000 0.000000 0.000000
30 1614144571 10.000000 -1.000000 -101.000000 0.000000 0.000000
30 1614144572 10.000000 -1.000000 -101.000000 0.000000 0.000000
30 1614144573 10.400000 -1.000000 -101.000000 0.000000 0.000000
30 1614144574 10.400000 -1.000000 -101.000000 0.000000 0.000000
30 1614144575 10.400000 -1.000000 -101.000000 0.000000 0.000000
33 1614144571 10.800000 -1.000000 -101.000000 0.000000 0.000000
33 1614144572 10.800000 -1.000000 -101.000000 0.000000 0.000000
33 1614144573 8.800000 -1.000000 -101.000000 0.000000 0.000000
33 1614144574 8.800000 -1.000000 -101.000000 0.000000 0.000000
33 1614144575 8.800000 -1.000000 -101.000000 0.000000 0.000000
30 1614144576 10.400000 -1.000000 -101.000000 0.000000 0.000000
30 1614144577 10.400000 -1.000000 -101.000000 0.000000 0.000000
30 1614144578 6.600000 -1.000000 -101.000000 0.000000 0.000000
30 1614144579 6.600000 -1.000000 -101.000000 0.000000 0.000000
30 1614144580 6.600000 -1.000000 -101.000000 0.000000 0.000000
33 1614144576 8.800000 -1.000000 -101.000000 0.000000 0.000000
33 1614144577 8.800000 -1.000000 -101.000000 0.000000 0.000000
33 1614144578 9.600000 -1.000000 -101.000000 0.000000 0.000000
33 1614144579 9.600000 -1.000000 -101.000000 0.000000 0.000000
33 1614144580 9.600000 -1.000000 -101.000000 0.000000 0.000000
30 1614144581 6.600000 -1.000000 -101.000000 0.000000 0.000000
30 1614144582 6.600000 -1.000000 -101.000000 0.000000 0.000000
30 1614144583 2.600000 -1.000000 -101.000000 0.000000 0.000000
30 1614144584 2.600000 -1.000000 -101.000000 0.000000 0.000000
30 1614144585 2.600000 -1.000000 -101.000000 0.000000 0.000000
33 1614144581 9.600000 -1.000000 -101.000000 0.000000 0.000000
33 1614144582 9.600000 -1.000000 -101.000000 0.000000 0.000000
33 1614144583 4.600000 -1.000000 -101.000000 0.000000 0.000000
33 1614144584 4.600000 -1.000000 -101.000000 0.000000 0.000000
33 1614144585 4.600000 -1.000000 -101.000000 0.000000 0.000000
30 1614144586 2.600000 -1.000000 -101.000000 0.000000 0.000000
30 1614144587 2.600000 -1.000000 -101.000000 0.000000 0.000000
30 1614144588 2.000000 -1.000000 -101.000000 0.000000 0.000000
30 1614144589 2.000000 -1.000000 -101.000000 0.000000 0.000000
30 1614144590 2.000000 -1.000000 -101.000000 0.000000 0.000000
33 1614144586 4.600000 -1.000000 -101.000000 0.000000 0.000000
33 1614144587 4.600000 -1.000000 -101.000000 0.000000 0.000000
33 1614144588 6.000000 -1.000000 -101.000000 0.000000 0.000000
33 1614144589 6.000000 -1.000000 -101.000000 0.000000 0.000000
33 1614144590 6.000000 -1.000000 -101.000000 0.000000 0.000000
30 1614144591 2.000000 -1.000000 -101.000000 0.000000 0.000000
30 1614144592 2.000000 -1.000000 -101.000000 0.000000 0.000000
30 1614144593 10.200000 -1.000000 -101.000000 0.000000 0.000000
30 1614144594 10.200000 -1.000000 -101.000000 0.000000 0.000000
30 1614144595 10.200000 -1.000000 -101.000000 0.000000 0.000000
33 1614144591 6.000000 -1.000000 -101.000000 0.000000 0.000000
33 1614144592 6.000000 -1.000000 -101.000000 0.000000 0.000000
33 1614144593 12.600000 -1.000000 -101.000000 0.000000 0.000000
33 1614144594 12.600000 -1.000000 -101.000000 0.000000 0.000000
33 1614144595 12.600000 -1.000000 -101.000000 0.000000 0.000000
30 1614144596 10.200000 -1.000000 -101.000000 0.000000 0.000000
30 1614144597 10.200000 -1.000000 -101.000000 0.000000 0.000000
30 1614144598 9.800000 -1.000000 -101.000000 0.000000 0.000000
30 1614144599 9.800000 -1.000000 -101.000000 0.000000 0.000000
30 1614144600 9.800000 -1.000000 -101.000000 0.000000 0.000000
33 1614144596 12.600000 -1.000000 -101.000000 0.000000 0.000000
33 1614144597 12.600000 -1.000000 -101.000000 0.000000 0.000000
33 1614144598 9.000000 -1.000000 -101.000000 0.000000 0.000000
33 1614144599 9.000000 -1.000000 -101.000000 0.000000 0.000000
33 1614144600 9.000000 -1.000000 -101.000000 0.000000 0.000000
30 1614144601 9.800000 -1.000000 -101.000000 0.000000 0.000000
30 1614144602 9.800000 -1.000000 -101.000000 0.000000 0.000000
30 1614144603 4.400000 -1.000000 -101.000000 0.000000 0.000000
30 1614144604 4.400000 -1.000000 -101.000000 0.000000 0.000000
30 1614144605 4.400000 -1.000000 -101.000000 0.000000 0.000000
33 1614144601 9.000000 -1.000000 -101.000000 0.000000 0.000000
33 1614144602 9.000000 -1.000000 -101.000000 0.000000 0.000000
33 1614144603 5.000000 -1.000000 -101.000000 0.000000 0.000000
33 1614144604 5.000000 -1.000000 -101.000000 0.000000 0.000000
33 1614144605 5.000000 -1.000000 -101.000000 0.000000 0.000000
30 1614144606 4.400000 -1.000000 -101.000000 0.000000 0.000000
30 1614144607 4.400000 -1.000000 -101.000000 0.000000 0.000000
30 1614144608 9.600000 -1.000000 -101.000000 0.000000 0.000000
30 1614144609 9.600000 -1.000000 -101.000000 0.000000 0.000000
30 1614144610 9.600000 -1.000000 -101.000000 0.000000 0.000000
33 1614144606 5.000000 -1.000000 -101.000000 0.000000 0.000000
33 1614144607 5.000000 -1.000000 -101.000000 0.000000 0.000000
33 1614144608 6.800000 -1.000000 -101.000000 0.000000 0.000000
33 1614144609 6.800000 -1.000000 -101.000000 0.000000 0.000000
33 1614144610 6.800000 -1.000000 -101.000000 0.000000 0.000000
30 1614144611 9.600000 -1.000000 -101.000000 0.000000 0.000000
30 1614144612 9.600000 -1.000000 -101.000000 0.000000 0.000000
30 1614144613 6.200000 -1.000000 -101.000000 0.000000 0.000000
30 1614144614 6.200000 -1.000000 -101.000000 0.000000 0.000000
30 1614144615 6.200000 -1.000000 -101.000000 0.000000 0.000000
33 1614144611 6.800000 -1.000000 -101.000000 0.000000 0.000000
33 1614144612 6.800000 -1.000000 -101.000000 0.000000 0.000000
33 1614144613 7.200000 -1.000000 -101.000000 0.000000 0.000000
33 1614144614 7.200000 -1.000000 -101.000000 0.000000 0.000000
33 1614144615 7.200000 -1.000000 -101.000000 0.000000 0.000000
30 1614144616 6.200000 -1.000000 -101.000000 0.000000 0.000000
30 1614144617 6.200000 -1.000000 -101.000000 0.000000 0.000000
30 1614144618 13.000000 -1.000000 -101.000000 0.000000 0.000000
30 1614144619 13.000000 -1.000000 -101.000000 0.000000 0.000000
30 1614144620 13.000000 -1.000000 -101.000000 0.000000 0.000000
33 1614144616 7.200000 -1.000000 -101.000000 0.000000 0.000000
33 1614144617 7.200000 -1.000000 -101.000000 0.000000 0.000000
33 1614144618 9.800000 -1.000000 -101.000000 0.000000 0.000000
33 1614144619 9.800000 -1.000000 -101.000000 0.000000 0.000000
33 1614144620 9.800000 -1.000000 -101.000000 0.000000 0.000000
30 1614144621 13.000000 -1.000000 -101.000000 0.000000 0.000000
30 1614144622 13.000000 -1.000000 -101.000000 0.000000 0.000000
30 1614144623 7.800000 -1.000000 -101.000000 0.000000 0.000000
30 1614144624 7.800000 -1.000000 -101.000000 0.000000 0.000000
30 1614144625 7.800000 -1.000000 -101.000000 0.000000 0.000000
33 1614144621 9.800000 -1.000000 -101.000000 0.000000 0.000000
33 1614144622 9.800000 -1.000000 -101.000000 0.000000 0.000000
33 1614144623 6.800000 -1.000000 -101.000000 0.000000 0.000000
33 1614144624 6.800000 -1.000000 -101.000000 0.000000 0.000000
33 1614144625 6.800000 -1.000000 -101.000000 0.000000 0.000000
30 1614144626 7.800000 -1.000000 -101.000000 0.000000 0.000000
30 1614144627 7.800000 -1.000000 -101.000000 0.000000 0.000000
30 1614144628 10.200000 -1.000000 -101.000000 0.000000 0.000000
30 1614144629 10.200000 -1.000000 -101.000000 0.000000 0.000000
30 1614144630 10.200000 -1.000000 -101.000000 0.000000 0.000000
33 1614144626 6.800000 -1.000000 -101.000000 0.000000 0.000000
33 1614144627 6.800000 -1.000000 -101.000000 0.000000 0.000000
33 1614144628 7.800000 -1.000000 -101.000000 0.000000 0.000000
33 1614144629 7.800000 -1.000000 -101.000000 0.000000 0.000000
33 1614144630 7.800000 -1.000000 -101.000000 0.000000 0.000000
30 1614144631 10.200000 -1.000000 -101.000000 0.000000 0.000000
30 1614144632 10.200000 -1.000000 -101.000000 0.000000 0.000000
30 1614144633 4.800000 -1.000000 -101.000000 0.000000 0.000000
30 1614144634 4.800000 -1.000000 -101.000000 0.000000 0.000000
30 1614144635 4.800000 -1.000000 -101.000000 0.000000 0.000000
33 1614144631 7.800000 -1.000000 -101.000000 0.000000 0.000000
33 1614144632 7.800000 -1.000000 -101.000000 0.000000 0.000000
33 1614144633 8.200000 -1.000000 -101.000000 0.000000 0.000000
33 1614144634 8.200000 -1.000000 -101.000000 0.000000 0.000000
33 1614144635 8.200000 -1.000000 -101.000000 0.000000 0.000000
30 1614144636 4.800000 -1.000000 -101.000000 0.000000 0.000000
30 1614144637 4.800000 -1.000000 -101.000000 0.000000 0.000000
30 1614144638 11.000000 -1.000000 -101.000000 0.000000 0.000000
30 1614144639 11.000000 -1.000000 -101.000000 0.000000 0.000000
30 1614144640 11.000000 -1.000000 -101.000000 0.000000 0.000000
33 1614144636 8.200000 -1.000000 -101.000000 0.000000 0.000000
33 1614144637 8.200000 -1.000000 -101.000000 0.000000 0.000000
33 1614144638 9.600000 -1.000000 -101.000000 0.000000 0.000000
33 1614144639 9.600000 -1.000000 -101.000000 0.000000 0.000000
33 1614144640 9.600000 -1.000000 -101.000000 0.000000 0.000000
30 1614144641 11.000000 -1.000000 -101.000000 0.000000 0.000000
30 1614144642 11.000000 -1.000000 -101.000000 0.000000 0.000000
30 1614144643 4.400000 -1.000000 -101.000000 0.000000 0.000000
30 1614144644 4.400000 -1.000000 -101.000000 0.000000 0.000000
30 1614144645 4.400000 -1.000000 -101.000000 0.000000 0.000000
33 1614144641 9.600000 -1.000000 -101.000000 0.000000 0.000000
33 1614144642 9.600000 -1.000000 -101.000000 0.000000 0.000000
33 1614144643 8.400000 -1.000000 -101.000000 0.000000 0.000000
33 1614144644 8.400000 -1.000000 -101.000000 0.000000 0.000000
33 1614144645 8.400000 -1.000000 -101.000000 0.000000 0.000000
30 1614144646 4.400000 -1.000000 -101.000000 0.000000 0.000000
30 1614144647 4.400000 -1.000000 -101.000000 0.000000 0.000000
30 1614144648 2.800000 -1.000000 -101.000000 0.000000 0.000000
30 1614144649 2.800000 -1.000000 -101.000000 0.000000 0.000000
30 1614144650 2.800000 -1.000000 -101.000000 0.000000 0.000000
33 1614144646 8.400000 -1.000000 -101.000000 0.000000 0.000000
33 1614144647 8.400000 -1.000000 -101.000000 0.000000 0.000000
33 1614144648 4.800000 -1.000000 -101.000000 0.000000 0.000000
33 1614144649 4.800000 -1.000000 -101.000000 0.000000 0.000000
33 1614144650 4.800000 -1.000000 -101.000000 0.000000 0.000000
30 1614144651 2.800000 -1.000000 -101.000000 0.000000 0.000000
30 1614144652 2.800000 -1.000000 -101.000000 0.000000 0.000000
30 1614144653 5.000000 -1.000000 -101.000000 0.000000 0.000000
30 1614144654 5.000000 -1.000000 -101.000000 0.000000 0.000000
30 1614144655 5.000000 -1.000000 -101.000000 0.000000 0.000000
33 1614144651 4.800000 -1.000000 -101.000000 0.000000 0.000000
33 1614144652 4.800000 -1.000000 -101.000000 0.000000 0.000000
33 1614144653 9.800000 -1.000000 -101.000000 0.000000 0.000000
33 1614144654 9.800000 -1.000000 -101.000000 0.000000 0.000000
33 1614144655 9.800000 -1.000000 -101.000000 0.000000 0.000000
30 1614144656 5.000000 -1.000000 -101.000000 0.000000 0.000000
30 1614144657 5.000000 -1.000000 -101.000000 0.000000 0.000000
30 1614144658 12.000000 -1.000000 -101.000000 0.000000 0.000000
30 1614144659 12.000000 -1.000000 -101.000000 0.000000 0.000000
30 1614144660 12.000000 -1.000000 -101.000000 0.000000 0.000000
33 1614144656 9.800000 -1.000000 -101.000000 0.000000 0.000000
33 1614144657 9.800000 -1.000000 -101.000000 0.000000 0.000000
33 1614144658 11.400000 -1.000000 -101.000000 0.000000 0.000000
33 1614144659 11.400000 -1.000000 -101.000000 0.000000 0.000000
33 1614144660 11.400000 -1.000000 -101.000000 0.000000 0.000000
30 1614144661 12.000000 -1.000000 -101.000000 0.000000 0.000000
30 1614144662 12.000000 -1.000000 -101.000000 0.000000 0.000000
30 1614144663 9.600000 -1.000000 -101.000000 0.000000 0.000000
30 1614144664 9.600000 -1.000000 -101.000000 0.000000 0.000000
30 1614144665 9.600000 -1.000000 -101.000000 0.000000 0.000000
33 1614144661 11.400000 -1.000000 -101.000000 0.000000 0.000000
33 1614144662 11.400000 -1.000000 -101.000000 0.000000 0.000000
33 1614144663 7.600000 -1.000000 -101.000000 0.000000 0.000000
33 1614144664 7.600000 -1.000000 -101.000000 0.000000 0.000000
33 1614144665 7.600000 -1.000000 -101.000000 0.000000 0.000000
30 1614144666 9.600000 -1.000000 -101.000000 0.000000 0.000000
30 1614144667 9.600000 -1.000000 -101.000000 0.000000 0.000000
30 1614144668 6.400000 -1.000000 -101.000000 0.000000 0.000000
30 1614144669 6.400000 -1.000000 -101.000000 0.000000 0.000000
30 1614144670 6.400000 -1.000000 -101.000000 0.000000 0.000000
33 1614144666 7.600000 -1.000000 -101.000000 0.000000 0.000000
33 1614144667 7.600000 -1.000000 -101.000000 0.000000 0.000000
33 1614144668 4.200000 -1.000000 -101.000000 0.000000 0.000000
33 1614144669 4.200000 -1.000000 -101.000000 0.000000 0.000000
33 1614144670 4.200000 -1.000000 -101.000000 0.000000 0.000000
30 1614144671 6.400000 -1.000000 -101.000000 0.000000 0.000000
30 1614144672 6.400000 -1.000000 -101.000000 0.000000 0.000000
30 1614144673 9.600000 -1.000000 -101.000000 0.000000 0.000000
30 1614144674 9.600000 -1.000000 -101.000000 0.000000 0.000000
30 1614144675 9.600000 -1.000000 -101.000000 0.000000 0.000000
33 1614144671 4.200000 -1.000000 -101.000000 0.000000 0.000000
33 1614144672 4.200000 -1.000000 -101.000000 0.000000 0.000000
33 1614144673 7.200000 -1.000000 -101.000000 0.000000 0.000000
33 1614144674 7.200000 -1.000000 -101.000000 0.000000 0.000000
33 1614144675 7.200000 -1.000000 -101.000000 0.000000 0.000000
30 1614144676 9.600000 -1.000000 -101.000000 0.000000 0.000000
30 1614144677 9.600000 -1.000000 -101.000000 0.000000 0.000000
30 1614144678 5.600000 -1.000000 -101.000000 0.000000 0.000000
30 1614144679 5.600000 -1.000000 -101.000000 0.000000 0.000000
30 1614144680 5.600000 -1.000000 -101.000000 0.000000 0.000000
33 1614144676 7.200000 -1.000000 -101.000000 0.000000 0.000000
33 1614144677 7.200000 -1.000000 -101.000000 0.000000 0.000000
33 1614144678 3.400000 -1.000000 -101.000000 0.000000 0.000000
33 1614144679 3.400000 -1.000000 -101.000000 0.000000 0.000000
33 1614144680 3.400000 -1.000000 -101.000000 0.000000 0.000000
30 1614144681 5.600000 -1.000000 -101.000000 0.000000 0.000000
30 1614144682 5.600000 -1.000000 -101.000000 0.000000 0.000000
30 1614144683 13.400000 -1.000000 -101.000000 0.000000 0.000000
30 1614144684 13.400000 -1.000000 -101.000000 0.000000 0.000000
30 1614144685 13.400000 -1.000000 -101.000000 0.000000 0.000000
33 1614144681 3.400000 -1.000000 -101.000000 0.000000 0.000000
33 1614144682 3.400000 -1.000000 -101.000000 0.000000 0.000000
33 1614144683 9.200000 -1.000000 -101.000000 0.000000 0.000000
33 1614144684 9.200000 -1.000000 -101.000000 0.000000 0.000000
33 1614144685 9.200000 -1.000000 -101.000000 0.000000 0.000000
30 1614144686 13.400000 -1.000000 -101.000000 0.000000 0.000000
30 1614144687 13.400000 -1.000000 -101.000000 0.000000 0.000000
30 1614144688 11.200000 -1.000000 -101.000000 0.000000 0.000000
30 1614144689 11.200000 -1.000000 -101.000000 0.000000 0.000000
30 1614144690 11.200000 -1.000000 -101.000000 0.000000 0.000000
33 1614144686 9.200000 -1.000000 -101.000000 0.000000 0.000000
33 1614144687 9.200000 -1.000000 -101.000000 0.000000 0.000000
33 1614144688 9.000000 -1.000000 -101.000000 0.000000 0.000000
33 1614144689 9.000000 -1.000000 -101.000000 0.000000 0.000000
33 1614144690 9.000000 -1.000000 -101.000000 0.000000 0.000000
30 1614144691 11.200000 -1.000000 -101.000000 0.000000 0.000000
30 1614144692 11.200000 -1.000000 -101.000000 0.000000 0.000000
30 1614144693 10.800000 -1.000000 -101.000000 0.000000 0.000000
30 1614144694 10.800000 -1.000000 -101.000000 0.000000 0.000000
30 1614144695 10.800000 -1.000000 -101.000000 0.000000 0.000000
33 1614144691 9.000000 -1.000000 -101.000000 0.000000 0.000000
33 1614144692 9.000000 -1.000000 -101.000000 0.000000 0.000000
33 1614144693 9.000000 -1.000000 -101.000000 0.000000 0.000000
33 1614144694 9.000000 -1.000000 -101.000000 0.000000 0.000000
33 1614144695 9.000000 -1.000000 -101.000000 0.000000 0.000000
30 1614144696 10.800000 -1.000000 -101.000000 0.000000 0.000000
30 1614144697 10.800000 -1.000000 -101.000000 0.000000 0.000000
30 1614144698 7.200000 -1.000000 -101.000000 0.000000 0.000000
30 1614144699 7.200000 -1.000000 -101.000000 0.000000 0.000000
30 1614144700 7.200000 -1.000000 -101.000000 0.000000 0.000000
33 1614144696 9.000000 -1.000000 -101.000000 0.000000 0.000000
33 1614144697 9.000000 -1.000000 -101.000000 0.000000 0.000000
33 1614144698 11.200000 -1.000000 -101.000000 0.000000 0.000000
33 1614144699 11.200000 -1.000000 -101.000000 0.000000 0.000000
33 1614144700 11.200000 -1.000000 -101.000000 0.000000 0.000000
30 1614144701 7.200000 -1.000000 -101.000000 0.000000 0.000000
30 1614144702 7.200000 -1.000000 -101.000000 0.000000 0.000000
33 1614144701 11.200000 -1.000000 -101.000000 0.000000 0.000000
33 1614144702 11.200000 -1.000000 -101.000000 0.000000 0.000000
33 1614144765 6.000000 -1.000000 6.000000 6.000000 28.800000
33 1614144764 6.000000 -1.000000 6.000000 6.000000 28.800000
33 1614144763 6.000000 -1.000000 6.000000 6.000000 28.800000
33 1614144762 1.400000 -1.000000 1.400000 1.400000 1.568000
33 1614144761 1.400000 -1.000000 1.400000 1.400000 1.568000
33 1614144760 1.400000 -1.000000 1.400000 1.400000 1.568000
33 1614144759 1.400000 -1.000000 1.400000 1.400000 1.568000
33 1614144758 1.400000 -1.000000 1.400000 1.400000 1.568000
33 1614144757 2.600000 -1.000000 2.600000 2.600000 5.408000
33 1614144756 2.600000 -1.000000 2.600000 2.600000 5.408000
33 1614144755 2.600000 -1.000000 2.600000 2.600000 5.408000
33 1614144754 2.600000 -1.000000 2.600000 2.600000 5.408000
33 1614144753 2.600000 -1.000000 2.600000 2.600000 5.408000
33 1614144752 7.600000 -1.000000 7.600000 7.600000 46.208000
33 1614144751 7.600000 -1.000000 7.600000 7.600000 46.208000
33 1614144750 7.600000 -1.000000 7.600000 7.600000 46.208000
33 1614144749 7.600000 -1.000000 7.600000 7.600000 46.208000
33 1614144748 7.600000 -1.000000 7.600000 7.600000 46.208000
33 1614144747 3.000000 -1.000000 3.000000 3.000000 7.200000
33 1614144746 3.000000 -1.000000 3.000000 3.000000 7.200000
33 1614144745 3.000000 -1.000000 3.000000 3.000000 7.200000
33 1614144744 3.000000 -1.000000 3.000000 3.000000 7.200000
33 1614144743 3.000000 -1.000000 3.000000 3.000000 7.200000
33 1614144742 5.400000 -1.000000 5.400000 5.400000 23.328000
33 1614144741 5.400000 -1.000000 5.400000 5.400000 23.328000
33 1614144740 5.400000 -1.000000 5.400000 5.400000 23.328000
33 1614144739 5.400000 -1.000000 5.400000 5.400000 23.328000
33 1614144738 5.400000 -1.000000 5.400000 5.400000 23.328000
33 1614144737 6.000000 -1.000000 6.000000 6.000000 28.800000
33 1614144736 6.000000 -1.000000 6.000000 6.000000 28.800000
33 1614144735 6.000000 -1.000000 6.000000 6.000000 28.800000
33 1614144734 6.000000 -1.000000 6.000000 6.000000 28.800000
33 1614144733 6.000000 -1.000000 6.000000 6.000000 28.800000
33 1614144732 1.600000 -1.000000 1.600000 1.600000 2.048000
33 1614144731 1.600000 -1.000000 1.600000 1.600000 2.048000
33 1614144730 1.600000 -1.000000 1.600000 1.600000 2.048000
33 1614144729 1.600000 -1.000000 1.600000 1.600000 2.048000
33 1614144728 1.600000 -1.000000 1.600000 1.600000 2.048000
33 1614144727 14.800000 -1.000000 14.800000 14.800000 175.232000
33 1614144726 14.800000 -1.000000 14.800000 14.800000 175.232000
33 1614144725 14.800000 -1.000000 14.800000 14.800000 175.232000
33 1614144724 14.800000 -1.000000 14.800000 14.800000 175.232000
33 1614144723 14.800000 -1.000000 14.800000 14.800000 175.232000
33 1614144722 5.200000 -1.000000 5.200000 5.200000 21.632000
33 1614144721 5.200000 -1.000000 5.200000 5.200000 21.632000
33 1614144720 5.200000 -1.000000 5.200000 5.200000 21.632000
33 1614144719 5.200000 -1.000000 5.200000 5.200000 21.632000
33 1614144718 5.200000 -1.000000 5.200000 5.200000 21.632000
33 1614144717 8.200000 -1.000000 8.200000 8.200000 53.792000
33 1614144716 8.200000 -1.000000 8.200000 8.200000 53.792000
33 1614144715 8.200000 -1.000000 8.200000 8.200000 53.792000
33 1614144714 8.200000 -1.000000 8.200000 8.200000 53.792000
33 1614144713 8.200000 -1.000000 8.200000 8.200000 53.792000
33 1614144712 10.200000 -1.000000 10.200000 10.200000 83.232000
33 1614144711 10.200000 -1.000000 10.200000 10.200000 83.232000
33 1614144710 10.200000 -1.000000 10.200000 10.200000 83.232000
33 1614144709 10.200000 -1.000000 10.200000 10.200000 83.232000
33 1614144708 10.200000 -1.000000 10.200000 10.200000 83.232000
33 1614144707 9.200000 -1.000000 9.200000 9.200000 67.712000
33 1614144706 9.200000 -1.000000 9.200000 9.200000 67.712000
33 1614144705 9.200000 -1.000000 9.200000 9.200000 67.712000
33 1614144704 9.200000 -1.000000 9.200000 9.200000 67.712000
33 1614144703 9.200000 -1.000000 9.200000 9.200000 67.712000
30 1614144765 3.000000 -1.000000 3.000000 3.000000 7.200000
30 1614144764 3.000000 -1.000000 3.000000 3.000000 7.200000
30 1614144763 3.000000 -1.000000 3.000000 3.000000 7.200000
30 1614144762 1.200000 -1.000000 1.200000 1.200000 1.152000
30 1614144761 1.200000 -1.000000 1.200000 1.200000 1.152000
30 1614144760 1.200000 -1.000000 1.200000 1.200000 1.152000
30 1614144759 1.200000 -1.000000 1.200000 1.200000 1.152000
30 1614144758 1.200000 -1.000000 1.200000 1.200000 1.152000
30 1614144757 1.800000 -1.000000 1.800000 1.800000 2.592000
30 1614144756 1.800000 -1.000000 1.800000 1.800000 2.592000
30 1614144755 1.800000 -1.000000 1.800000 1.800000 2.592000
30 1614144754 1.800000 -1.000000 1.800000 1.800000 2.592000
30 1614144753 1.800000 -1.000000 1.800000 1.800000 2.592000
30 1614144752 4.600000 -1.000000 4.600000 4.600000 16.928000
30 1614144751 4.600000 -1.000000 4.600000 4.600000 16.928000
30 1614144750 4.600000 -1.000000 4.600000 4.600000 16.928000
30 1614144749 4.600000 -1.000000 4.600000 4.600000 16.928000
30 1614144748 4.600000 -1.000000 4.600000 4.600000 16.928000
30 1614144747 1.800000 -1.000000 1.800000 1.800000 2.592000
30 1614144746 1.800000 -1.000000 1.800000 1.800000 2.592000
30 1614144745 1.800000 -1.000000 1.800000 1.800000 2.592000
30 1614144744 1.800000 -1.000000 1.800000 1.800000 2.592000
30 1614144743 1.800000 -1.000000 1.800000 1.800000 2.592000
30 1614144742 2.200000 -1.000000 2.200000 2.200000 3.872000
30 1614144741 2.200000 -1.000000 2.200000 2.200000 3.872000
30 1614144740 2.200000 -1.000000 2.200000 2.200000 3.872000
30 1614144739 2.200000 -1.000000 2.200000 2.200000 3.872000
30 1614144738 2.200000 -1.000000 2.200000 2.200000 3.872000
30 1614144737 2.800000 -1.000000 2.800000 2.800000 6.272000
30 1614144736 2.800000 -1.000000 2.800000 2.800000 6.272000
30 1614144735 2.800000 -1.000000 2.800000 2.800000 6.272000
30 1614144734 2.800000 -1.000000 2.800000 2.800000 6.272000
30 1614144733 2.800000 -1.000000 2.800000 2.800000 6.272000
30 1614144732 0.800000 -1.000000 0.800000 0.800000 0.512000
30 1614144731 0.800000 -1.000000 0.800000 0.800000 0.512000
30 1614144730 0.800000 -1.000000 0.800000 0.800000 0.512000
30 1614144729 0.800000 -1.000000 0.800000 0.800000 0.512000
30 1614144728 0.800000 -1.000000 0.800000 0.800000 0.512000
30 1614144727 7.600000 -1.000000 7.600000 7.600000 46.208000
30 1614144726 7.600000 -1.000000 7.600000 7.600000 46.208000
30 1614144725 7.600000 -1.000000 7.600000 7.600000 46.208000
30 1614144724 7.600000 -1.000000 7.600000 7.600000 46.208000
30 1614144723 7.600000 -1.000000 7.600000 7.600000 46.208000
30 1614144722 1.200000 -1.000000 1.200000 1.200000 1.152000
30 1614144721 1.200000 -1.000000 1.200000 1.200000 1.152000
30 1614144720 1.200000 -1.000000 1.200000 1.200000 1.152000
30 1614144719 1.200000 -1.000000 1.200000 1.200000 1.152000
30 1614144718 1.200000 -1.000000 1.200000 1.200000 1.152000
30 1614144717 4.200000 -1.000000 4.200000 4.200000 14.112000
30 1614144716 4.200000 -1.000000 4.200000 4.200000 14.112000
30 1614144715 4.200000 -1.000000 4.200000 4.200000 14.112000
30 1614144714 4.200000 -1.000000 4.200000 4.200000 14.112000
30 1614144713 4.200000 -1.000000 4.200000 4.200000 14.112000
30 1614144712 4.800000 -1.000000 4.800000 4.800000 18.432000
30 1614144711 4.800000 -1.000000 4.800000 4.800000 18.432000
30 1614144710 4.800000 -1.000000 4.800000 4.800000 18.432000
30 1614144709 4.800000 -1.000000 4.800000 4.800000 18.432000
30 1614144708 4.800000 -1.000000 4.800000 4.800000 18.432000
30 1614144707 10.000000 -1.000000 10.000000 10.000000 80.000000
30 1614144706 10.000000 -1.000000 10.000000 10.000000 80.000000
30 1614144705 10.000000 -1.000000 10.000000 10.000000 80.000000
30 1614144704 10.000000 -1.000000 10.000000 10.000000 80.000000
30 1614144703 10.000000 -1.000000 10.000000 10.000000 80.000000
