22 1614144333 0.000252 0.600000 0.000167 0.000295 0.000000
22 1614144334 0.000252 0.600000 0.000167 0.000295 0.000000
22 1614144335 0.000252 0.600000 0.000167 0.000295 0.000000
22 1614144336 0.000252 0.600000 0.000167 0.000295 0.000000
22 1614144337 0.000252 0.600000 0.000167 0.000295 0.000000
22 1614144338 0.000155 0.600000 0.000151 0.000158 0.000000
22 1614144339 0.000155 0.600000 0.000151 0.000158 0.000000
22 1614144340 0.000155 0.600000 0.000151 0.000158 0.000000
22 1614144341 0.000155 0.600000 0.000151 0.000158 0.000000
22 1614144342 0.000155 0.600000 0.000151 0.000158 0.000000
22 1614144343 0.000188 0.600000 0.000176 0.000210 0.000000
22 1614144344 0.000188 0.600000 0.000176 0.000210 0.000000
22 1614144345 0.000188 0.600000 0.000176 0.000210 0.000000
22 1614144346 0.000188 0.600000 0.000176 0.000210 0.000000
22 1614144347 0.000188 0.600000 0.000176 0.000210 0.000000
22 1614144348 0.000176 0.600000 0.000160 0.000188 0.000000
22 1614144349 0.000176 0.600000 0.000160 0.000188 0.000000
22 1614144350 0.000176 0.600000 0.000160 0.000188 0.000000
22 1614144351 0.000176 0.600000 0.000160 0.000188 0.000000
22 1614144352 0.000176 0.600000 0.000160 0.000188 0.000000
42 1614144353 20.133443 0.600000 20.110732 20.166061 243.213657
22 1614144353 0.000174 0.600000 0.000141 0.000192 0.000000
42 1614144354 20.133443 0.600000 20.110732 20.166061 243.213657
22 1614144354 0.000174 0.600000 0.000141 0.000192 0.000000
42 1614144355 20.133443 0.600000 20.110732 20.166061 243.213657
22 1614144355 0.000174 0.600000 0.000141 0.000192 0.000000
42 1614144356 20.133443 0.600000 20.110732 20.166061 243.213657
22 1614144356 0.000174 0.600000 0.000141 0.000192 0.000000
42 1614144357 20.133443 0.600000 20.110732 20.166061 243.213657
22 1614144357 0.000174 0.600000 0.000141 0.000192 0.000000
42 1614144358 20.117393 0.600000 20.114617 20.120737 242.825695
22 1614144358 0.000194 0.600000 0.000157 0.000242 0.000000
42 1614144359 20.117393 0.600000 20.114617 20.120737 242.825695
22 1614144359 0.000194 0.600000 0.000157 0.000242 0.000000
42 1614144360 20.117393 0.600000 20.114617 20.120737 242.825695
22 1614144360 0.000194 0.600000 0.000157 0.000242 0.000000
42 1614144361 20.117393 0.600000 20.114617 20.120737 242.825695
22 1614144361 0.000194 0.600000 0.000157 0.000242 0.000000
42 1614144362 20.117393 0.600000 20.114617 20.120737 242.825695
22 1614144362 0.000194 0.600000 0.000157 0.000242 0.000000
42 1614144363 22.015512 0.600000 22.002392 22.028270 290.809736
22 1614144363 0.000213 1.200000 0.000147 0.000323 0.000000
42 1614144364 22.015512 0.600000 22.002392 22.028270 290.809736
22 1614144364 0.000213 1.200000 0.000147 0.000323 0.000000
42 1614144365 22.015512 0.600000 22.002392 22.028270 290.809736
22 1614144365 0.000213 1.200000 0.000147 0.000323 0.000000
42 1614144366 22.015512 0.600000 22.002392 22.028270 290.809736
22 1614144366 0.000213 1.200000 0.000147 0.000323 0.000000
42 1614144367 22.015512 0.600000 22.002392 22.028270 290.809736
22 1614144367 0.000213 1.200000 0.000147 0.000323 0.000000
42 1614144368 23.093152 0.400000 23.070964 23.115341 213.317672
22 1614144368 0.000208 1.200000 0.000141 0.000291 0.000000
42 1614144369 23.093152 0.400000 23.070964 23.115341 213.317672
22 1614144369 0.000208 1.200000 0.000141 0.000291 0.000000
42 1614144370 23.093152 0.400000 23.070964 23.115341 213.317672
22 1614144370 0.000208 1.200000 0.000141 0.000291 0.000000
42 1614144371 23.093152 0.400000 23.070964 23.115341 213.317672
22 1614144371 0.000208 1.200000 0.000141 0.000291 0.000000
42 1614144372 23.093152 0.400000 23.070964 23.115341 213.317672
22 1614144372 0.000208 1.200000 0.000141 0.000291 0.000000
42 1614144373 22.445015 0.800000 21.801794 23.898898 403.594383
42 1614144374 22.445015 0.800000 21.801794 23.898898 403.594383
42 1614144375 22.445015 0.800000 21.801794 23.898898 403.594383
42 1614144376 22.445015 0.800000 21.801794 23.898898 403.594383
42 1614144377 22.445015 0.800000 21.801794 23.898898 403.594383
42 1614144378 20.202549 0.600000 20.188057 20.224630 244.885944
42 1614144379 20.202549 0.600000 20.188057 20.224630 244.885944
42 1614144380 20.202549 0.600000 20.188057 20.224630 244.885944
42 1614144381 20.202549 0.600000 20.188057 20.224630 244.885944
42 1614144382 20.202549 0.600000 20.188057 20.224630 244.885944
42 1614144383 20.098793 0.600000 20.092927 20.101726 242.376899
42 1614144384 20.098793 0.600000 20.092927 20.101726 242.376899
42 1614144385 20.098793 0.600000 20.092927 20.101726 242.376899
42 1614144386 20.098793 0.600000 20.092927 20.101726 242.376899
42 1614144387 20.098793 0.600000 20.092927 20.101726 242.376899
42 1614144388 20.111088 0.600000 20.102087 20.121856 242.673555
42 1614144389 20.111088 0.600000 20.102087 20.121856 242.673555
42 1614144390 20.111088 0.600000 20.102087 20.121856 242.673555
42 1614144391 20.111088 0.600000 20.102087 20.121856 242.673555
42 1614144392 20.111088 0.600000 20.102087 20.121856 242.673555
45 1614144393 20.122025 0.600000 20.099484 20.133984 242.937677
42 1614144393 30.103161 0.600000 30.103068 30.103340 543.720191
45 1614144394 20.122025 0.600000 20.099484 20.133984 242.937677
42 1614144394 30.103161 0.600000 30.103068 30.103340 543.720191
42 1614144395 30.103161 0.600000 30.103068 30.103340 543.720191
45 1614144395 20.122025 0.600000 20.099484 20.133984 242.937677
45 1614144396 20.122025 0.600000 20.099484 20.133984 242.937677
42 1614144396 30.103161 0.600000 30.103068 30.103340 543.720191
45 1614144397 20.122025 0.600000 20.099484 20.133984 242.937677
42 1614144397 30.103161 0.600000 30.103068 30.103340 543.720191
45 1614144398 20.099618 0.600000 20.097323 20.101375 242.396789
42 1614144398 30.679768 0.600000 30.098673 31.822950 565.140983
48 1614144398 65.851428 0.600000 64.537622 66.535195 2602.364484
45 1614144399 20.099618 0.600000 20.097323 20.101375 242.396789
42 1614144399 30.679768 0.600000 30.098673 31.822950 565.140983
48 1614144399 65.851428 0.600000 64.537622 66.535195 2602.364484
48 1614144400 65.851428 0.600000 64.537622 66.535195 2602.364484
45 1614144400 20.099618 0.600000 20.097323 20.101375 242.396789
42 1614144400 30.679768 0.600000 30.098673 31.822950 565.140983
45 1614144401 20.099618 0.600000 20.097323 20.101375 242.396789
42 1614144401 30.679768 0.600000 30.098673 31.822950 565.140983
48 1614144401 65.851428 0.600000 64.537622 66.535195 2602.364484
45 1614144402 20.099618 0.600000 20.097323 20.101375 242.396789
42 1614144402 30.679768 0.600000 30.098673 31.822950 565.140983
48 1614144402 65.851428 0.600000 64.537622 66.535195 2602.364484
45 1614144403 20.244923 0.600000 20.097145 20.320178 245.920688
48 1614144403 64.714414 0.600000 64.678478 64.738662 2512.773597
45 1614144404 20.244923 0.600000 20.097145 20.320178 245.920688
48 1614144404 64.714414 0.600000 64.678478 64.738662 2512.773597
48 1614144405 64.714414 0.600000 64.678478 64.738662 2512.773597
45 1614144405 20.244923 0.600000 20.097145 20.320178 245.920688
45 1614144406 20.244923 0.600000 20.097145 20.320178 245.920688
48 1614144406 64.714414 0.600000 64.678478 64.738662 2512.773597
45 1614144407 20.244923 0.600000 20.097145 20.320178 245.920688
48 1614144407 64.714414 0.600000 64.678478 64.738662 2512.773597
45 1614144408 20.094950 0.600000 20.087900 20.104625 242.284246
48 1614144408 66.077843 0.600000 65.907749 66.165557 2619.777448
45 1614144409 20.094950 0.600000 20.087900 20.104625 242.284246
48 1614144409 66.077843 0.600000 65.907749 66.165557 2619.777448
45 1614144410 20.094950 0.600000 20.087900 20.104625 242.284246
48 1614144410 66.077843 0.600000 65.907749 66.165557 2619.777448
45 1614144411 20.094950 0.600000 20.087900 20.104625 242.284246
48 1614144411 66.077843 0.600000 65.907749 66.165557 2619.777448
45 1614144412 20.094950 0.600000 20.087900 20.104625 242.284246
48 1614144412 66.077843 0.600000 65.907749 66.165557 2619.777448
45 1614144413 20.098703 1.200000 20.091024 20.106456 484.749478
48 1614144413 67.171477 0.600000 66.905788 67.701649 2707.288718
45 1614144414 20.098703 1.200000 20.091024 20.106456 484.749478
48 1614144414 67.171477 0.600000 66.905788 67.701649 2707.288718
48 1614144415 67.171477 0.600000 66.905788 67.701649 2707.288718
45 1614144415 20.098703 1.200000 20.091024 20.106456 484.749478
45 1614144416 20.098703 1.200000 20.091024 20.106456 484.749478
48 1614144416 67.171477 0.600000 66.905788 67.701649 2707.288718
45 1614144417 20.098703 1.200000 20.091024 20.106456 484.749478
48 1614144417 67.171477 0.600000 66.905788 67.701649 2707.288718
45 1614144418 20.099959 0.400000 20.095885 20.104033 161.603348
42 1614144418 20.111133 0.600000 20.097527 20.122132 242.674658
48 1614144418 65.851870 0.600000 65.583204 65.986954 2601.902891
45 1614144419 20.099959 0.400000 20.095885 20.104033 161.603348
42 1614144419 20.111133 0.600000 20.097527 20.122132 242.674658
48 1614144419 65.851870 0.600000 65.583204 65.986954 2601.902891
48 1614144420 65.851870 0.600000 65.583204 65.986954 2601.902891
45 1614144420 20.099959 0.400000 20.095885 20.104033 161.603348
42 1614144420 20.111133 0.600000 20.097527 20.122132 242.674658
45 1614144421 20.099959 0.400000 20.095885 20.104033 161.603348
42 1614144421 20.111133 0.600000 20.097527 20.122132 242.674658
48 1614144421 65.851870 0.600000 65.583204 65.986954 2601.902891
45 1614144422 20.099959 0.400000 20.095885 20.104033 161.603348
42 1614144422 20.111133 0.600000 20.097527 20.122132 242.674658
48 1614144422 65.851870 0.600000 65.583204 65.986954 2601.902891
45 1614144423 22.344980 0.200000 22.344980 22.344980 99.859626
42 1614144423 21.791539 0.600000 20.103622 22.681682 285.778274
48 1614144423 63.982990 0.800000 63.900661 64.020089 3275.060235
45 1614144424 22.344980 0.200000 22.344980 22.344980 99.859626
42 1614144424 21.791539 0.600000 20.103622 22.681682 285.778274
48 1614144424 63.982990 0.800000 63.900661 64.020089 3275.060235
48 1614144425 63.982990 0.800000 63.900661 64.020089 3275.060235
42 1614144425 21.791539 0.600000 20.103622 22.681682 285.778274
45 1614144425 22.344980 0.200000 22.344980 22.344980 99.859626
45 1614144426 22.344980 0.200000 22.344980 22.344980 99.859626
42 1614144426 21.791539 0.600000 20.103622 22.681682 285.778274
48 1614144426 63.982990 0.800000 63.900661 64.020089 3275.060235
45 1614144427 22.344980 0.200000 22.344980 22.344980 99.859626
42 1614144427 21.791539 0.600000 20.103622 22.681682 285.778274
48 1614144427 63.982990 0.800000 63.900661 64.020089 3275.060235
45 1614144428 20.094427 0.600000 20.091878 20.097363 242.271600
42 1614144428 20.103602 0.600000 20.096493 20.107436 242.492913
48 1614144428 65.965433 0.400000 63.914097 68.016770 1742.258546
45 1614144429 20.094427 0.600000 20.091878 20.097363 242.271600
42 1614144429 20.103602 0.600000 20.096493 20.107436 242.492913
48 1614144429 65.965433 0.400000 63.914097 68.016770 1742.258546
42 1614144430 20.103602 0.600000 20.096493 20.107436 242.492913
45 1614144430 20.094427 0.600000 20.091878 20.097363 242.271600
48 1614144430 65.965433 0.400000 63.914097 68.016770 1742.258546
45 1614144431 20.094427 0.600000 20.091878 20.097363 242.271600
42 1614144431 20.103602 0.600000 20.096493 20.107436 242.492913
48 1614144431 65.965433 0.400000 63.914097 68.016770 1742.258546
45 1614144432 20.094427 0.600000 20.091878 20.097363 242.271600
42 1614144432 20.103602 0.600000 20.096493 20.107436 242.492913
48 1614144432 65.965433 0.400000 63.914097 68.016770 1742.258546
42 1614144433 20.108807 0.600000 20.098022 20.121428 242.618520
48 1614144433 66.800214 0.600000 66.118756 67.143772 2677.500439
42 1614144434 20.108807 0.600000 20.098022 20.121428 242.618520
48 1614144434 66.800214 0.600000 66.118756 67.143772 2677.500439
48 1614144435 66.800214 0.600000 66.118756 67.143772 2677.500439
42 1614144435 20.108807 0.600000 20.098022 20.121428 242.618520
42 1614144436 20.108807 0.600000 20.098022 20.121428 242.618520
48 1614144436 66.800214 0.600000 66.118756 67.143772 2677.500439
42 1614144437 20.108807 0.600000 20.098022 20.121428 242.618520
48 1614144437 66.800214 0.600000 66.118756 67.143772 2677.500439
42 1614144438 20.102142 0.600000 20.097120 20.107278 242.457686
42 1614144439 20.102142 0.600000 20.097120 20.107278 242.457686
42 1614144440 20.102142 0.600000 20.097120 20.107278 242.457686
42 1614144441 20.102142 0.600000 20.097120 20.107278 242.457686
42 1614144442 20.102142 0.600000 20.097120 20.107278 242.457686
42 1614144443 20.104552 0.600000 20.103466 20.106632 242.515801
42 1614144444 20.104552 0.600000 20.103466 20.106632 242.515801
42 1614144445 20.104552 0.600000 20.103466 20.106632 242.515801
42 1614144446 20.104552 0.600000 20.103466 20.106632 242.515801
42 1614144447 20.104552 0.600000 20.103466 20.106632 242.515801
42 1614144448 20.105718 0.600000 20.100309 20.116155 242.543972
42 1614144449 20.105718 0.600000 20.100309 20.116155 242.543972
42 1614144450 20.105718 0.600000 20.100309 20.116155 242.543972
42 1614144451 20.105718 0.600000 20.100309 20.116155 242.543972
42 1614144452 20.105718 0.600000 20.100309 20.116155 242.543972
45 1614144453 30.103169 1.000000 30.081494 30.132195 906.201094
42 1614144453 20.103991 0.600000 20.097462 20.114053 242.502295
45 1614144454 30.103169 1.000000 30.081494 30.132195 906.201094
42 1614144454 20.103991 0.600000 20.097462 20.114053 242.502295
42 1614144455 20.103991 0.600000 20.097462 20.114053 242.502295
45 1614144455 30.103169 1.000000 30.081494 30.132195 906.201094
45 1614144456 30.103169 1.000000 30.081494 30.132195 906.201094
42 1614144456 20.103991 0.600000 20.097462 20.114053 242.502295
45 1614144457 30.103169 1.000000 30.081494 30.132195 906.201094
42 1614144457 20.103991 0.600000 20.097462 20.114053 242.502295
45 1614144458 22.111377 1.000000 20.097820 30.099020 504.863750
48 1614144458 95.596579 0.600000 95.576740 95.608308 5483.223705
45 1614144459 22.111377 1.000000 20.097820 30.099020 504.863750
48 1614144459 95.596579 0.600000 95.576740 95.608308 5483.223705
45 1614144460 22.111377 1.000000 20.097820 30.099020 504.863750
48 1614144460 95.596579 0.600000 95.576740 95.608308 5483.223705
45 1614144461 22.111377 1.000000 20.097820 30.099020 504.863750
48 1614144461 95.596579 0.600000 95.576740 95.608308 5483.223705
45 1614144462 22.111377 1.000000 20.097820 30.099020 504.863750
48 1614144462 95.596579 0.600000 95.576740 95.608308 5483.223705
45 1614144463 20.093662 0.400000 20.088824 20.098500 161.502109
48 1614144463 78.253033 1.400000 64.027474 97.546657 8920.675752
45 1614144464 20.093662 0.400000 20.088824 20.098500 161.502109
48 1614144464 78.253033 1.400000 64.027474 97.546657 8920.675752
45 1614144465 20.093662 0.400000 20.088824 20.098500 161.502109
48 1614144465 78.253033 1.400000 64.027474 97.546657 8920.675752
45 1614144466 20.093662 0.400000 20.088824 20.098500 161.502109
48 1614144466 78.253033 1.400000 64.027474 97.546657 8920.675752
45 1614144467 20.093662 0.400000 20.088824 20.098500 161.502109
48 1614144467 78.253033 1.400000 64.027474 97.546657 8920.675752
45 1614144468 20.089697 0.600000 20.084894 20.093326 242.157554
48 1614144468 66.584429 0.400000 66.528154 66.640705 1773.395761
45 1614144469 20.089697 0.600000 20.084894 20.093326 242.157554
45 1614144470 20.089697 0.600000 20.084894 20.093326 242.157554
48 1614144469 66.584429 0.400000 66.528154 66.640705 1773.395761
48 1614144470 66.584429 0.400000 66.528154 66.640705 1773.395761
45 1614144471 20.089697 0.600000 20.084894 20.093326 242.157554
48 1614144471 66.584429 0.400000 66.528154 66.640705 1773.395761
45 1614144472 20.089697 0.600000 20.084894 20.093326 242.157554
48 1614144472 66.584429 0.400000 66.528154 66.640705 1773.395761
45 1614144473 20.100635 0.600000 20.093003 20.107061 242.421344
48 1614144473 64.202482 0.600000 64.069191 64.271461 2473.180579
45 1614144474 20.100635 0.600000 20.093003 20.107061 242.421344
48 1614144474 64.202482 0.600000 64.069191 64.271461 2473.180579
45 1614144475 20.100635 0.600000 20.093003 20.107061 242.421344
48 1614144475 64.202482 0.600000 64.069191 64.271461 2473.180579
45 1614144476 20.100635 0.600000 20.093003 20.107061 242.421344
48 1614144476 64.202482 0.600000 64.069191 64.271461 2473.180579
45 1614144477 20.100635 0.600000 20.093003 20.107061 242.421344
48 1614144477 64.202482 0.600000 64.069191 64.271461 2473.180579
45 1614144478 20.093044 1.200000 20.088047 20.095910 484.476491
48 1614144478 64.219187 0.600000 64.048359 64.305206 2474.471113
45 1614144479 20.093044 1.200000 20.088047 20.095910 484.476491
48 1614144479 64.219187 0.600000 64.048359 64.305206 2474.471113
45 1614144480 20.093044 1.200000 20.088047 20.095910 484.476491
48 1614144480 64.219187 0.600000 64.048359 64.305206 2474.471113
45 1614144481 20.093044 1.200000 20.088047 20.095910 484.476491
48 1614144481 64.219187 0.600000 64.048359 64.305206 2474.471113
45 1614144482 20.093044 1.200000 20.088047 20.095910 484.476491
48 1614144482 64.219187 0.600000 64.048359 64.305206 2474.471113
45 1614144483 20.092979 0.400000 20.087574 20.098384 161.491135
42 1614144483 20.121565 0.600000 20.114840 20.126053 242.926443
48 1614144483 64.210012 1.200000 64.086930 64.299959 4947.519563
45 1614144484 20.092979 0.400000 20.087574 20.098384 161.491135
42 1614144484 20.121565 0.600000 20.114840 20.126053 242.926443
48 1614144484 64.210012 1.200000 64.086930 64.299959 4947.519563
48 1614144485 64.210012 1.200000 64.086930 64.299959 4947.519563
45 1614144485 20.092979 0.400000 20.087574 20.098384 161.491135
42 1614144485 20.121565 0.600000 20.114840 20.126053 242.926443
45 1614144486 20.092979 0.400000 20.087574 20.098384 161.491135
42 1614144486 20.121565 0.600000 20.114840 20.126053 242.926443
48 1614144486 64.210012 1.200000 64.086930 64.299959 4947.519563
45 1614144487 20.092979 0.400000 20.087574 20.098384 161.491135
42 1614144487 20.121565 0.600000 20.114840 20.126053 242.926443
48 1614144487 64.210012 1.200000 64.086930 64.299959 4947.519563
45 1614144488 20.097079 0.200000 20.097079 20.097079 80.778517
42 1614144488 20.097004 0.600000 20.095448 20.098811 242.333745
45 1614144489 20.097079 0.200000 20.097079 20.097079 80.778517
42 1614144489 20.097004 0.600000 20.095448 20.098811 242.333745
42 1614144490 20.097004 0.600000 20.095448 20.098811 242.333745
45 1614144490 20.097079 0.200000 20.097079 20.097079 80.778517
45 1614144491 20.097079 0.200000 20.097079 20.097079 80.778517
42 1614144491 20.097004 0.600000 20.095448 20.098811 242.333745
45 1614144492 20.097079 0.200000 20.097079 20.097079 80.778517
42 1614144492 20.097004 0.600000 20.095448 20.098811 242.333745
45 1614144493 20.114606 0.200000 20.114606 20.114606 80.919474
42 1614144493 27.932706 1.000000 20.418416 32.194640 807.918736
48 1614144493 65.849385 0.600000 64.747458 66.408332 2602.049191
45 1614144494 20.114606 0.200000 20.114606 20.114606 80.919474
42 1614144494 27.932706 1.000000 20.418416 32.194640 807.918736
48 1614144494 65.849385 0.600000 64.747458 66.408332 2602.049191
48 1614144495 65.849385 0.600000 64.747458 66.408332 2602.049191
45 1614144495 20.114606 0.200000 20.114606 20.114606 80.919474
42 1614144495 27.932706 1.000000 20.418416 32.194640 807.918736
45 1614144496 20.114606 0.200000 20.114606 20.114606 80.919474
42 1614144496 27.932706 1.000000 20.418416 32.194640 807.918736
48 1614144496 65.849385 0.600000 64.747458 66.408332 2602.049191
45 1614144497 20.114606 0.200000 20.114606 20.114606 80.919474
42 1614144497 27.932706 1.000000 20.418416 32.194640 807.918736
48 1614144497 65.849385 0.600000 64.747458 66.408332 2602.049191
45 1614144498 22.843990 0.400000 22.829155 22.858825 208.739239
42 1614144498 30.734249 0.800000 22.984162 34.187341 771.920055
48 1614144498 66.208811 0.200000 66.208811 66.208811 876.721332
45 1614144499 22.843990 0.400000 22.829155 22.858825 208.739239
42 1614144499 30.734249 0.800000 22.984162 34.187341 771.920055
48 1614144499 66.208811 0.200000 66.208811 66.208811 876.721332
48 1614144500 66.208811 0.200000 66.208811 66.208811 876.721332
42 1614144500 30.734249 0.800000 22.984162 34.187341 771.920055
45 1614144500 22.843990 0.400000 22.829155 22.858825 208.739239
45 1614144501 22.843990 0.400000 22.829155 22.858825 208.739239
42 1614144501 30.734249 0.800000 22.984162 34.187341 771.920055
48 1614144501 66.208811 0.200000 66.208811 66.208811 876.721332
45 1614144502 22.843990 0.400000 22.829155 22.858825 208.739239
42 1614144502 30.734249 0.800000 22.984162 34.187341 771.920055
48 1614144502 66.208811 0.200000 66.208811 66.208811 876.721332
42 1614144503 23.818229 0.800000 22.622768 24.703568 454.305473
48 1614144503 69.270805 0.400000 69.254291 69.287319 1919.377879
42 1614144504 23.818229 0.800000 22.622768 24.703568 454.305473
48 1614144504 69.270805 0.400000 69.254291 69.287319 1919.377879
48 1614144505 69.270805 0.400000 69.254291 69.287319 1919.377879
42 1614144505 23.818229 0.800000 22.622768 24.703568 454.305473
42 1614144506 23.818229 0.800000 22.622768 24.703568 454.305473
48 1614144506 69.270805 0.400000 69.254291 69.287319 1919.377879
42 1614144507 23.818229 0.800000 22.622768 24.703568 454.305473
48 1614144507 69.270805 0.400000 69.254291 69.287319 1919.377879
42 1614144508 23.332163 1.000000 23.147454 23.577431 544.421571
42 1614144509 23.332163 1.000000 23.147454 23.577431 544.421571
42 1614144510 23.332163 1.000000 23.147454 23.577431 544.421571
42 1614144511 23.332163 1.000000 23.147454 23.577431 544.421571
42 1614144512 23.332163 1.000000 23.147454 23.577431 544.421571
42 1614144513 20.245762 0.400000 20.105120 20.386405 163.964271
42 1614144514 20.245762 0.400000 20.105120 20.386405 163.964271
42 1614144515 20.245762 0.400000 20.105120 20.386405 163.964271
42 1614144516 20.245762 0.400000 20.105120 20.386405 163.964271
42 1614144517 20.245762 0.400000 20.105120 20.386405 163.964271
42 1614144518 20.096213 0.200000 20.096213 20.096213 80.771554
42 1614144519 20.096213 0.200000 20.096213 20.096213 80.771554
42 1614144520 20.096213 0.200000 20.096213 20.096213 80.771554
42 1614144521 20.096213 0.200000 20.096213 20.096213 80.771554
42 1614144522 20.096213 0.200000 20.096213 20.096213 80.771554
45 1614144523 20.093114 0.800000 20.088407 20.100182 322.986591
42 1614144523 20.104820 0.200000 20.104820 20.104820 80.840758
45 1614144524 20.093114 0.800000 20.088407 20.100182 322.986591
42 1614144524 20.104820 0.200000 20.104820 20.104820 80.840758
42 1614144525 20.104820 0.200000 20.104820 20.104820 80.840758
45 1614144525 20.093114 0.800000 20.088407 20.100182 322.986591
45 1614144526 20.093114 0.800000 20.088407 20.100182 322.986591
42 1614144526 20.104820 0.200000 20.104820 20.104820 80.840758
45 1614144527 20.093114 0.800000 20.088407 20.100182 322.986591
42 1614144527 20.104820 0.200000 20.104820 20.104820 80.840758
45 1614144528 20.101427 0.400000 20.099660 20.103195 161.626955
42 1614144528 20.105984 0.400000 20.104367 20.107601 161.700238
48 1614144528 65.621073 0.800000 64.444036 66.048149 3445.270435
45 1614144529 20.101427 0.400000 20.099660 20.103195 161.626955
42 1614144529 20.105984 0.400000 20.104367 20.107601 161.700238
48 1614144529 65.621073 0.800000 64.444036 66.048149 3445.270435
42 1614144530 20.105984 0.400000 20.104367 20.107601 161.700238
45 1614144530 20.101427 0.400000 20.099660 20.103195 161.626955
48 1614144530 65.621073 0.800000 64.444036 66.048149 3445.270435
45 1614144531 20.101427 0.400000 20.099660 20.103195 161.626955
42 1614144531 20.105984 0.400000 20.104367 20.107601 161.700238
48 1614144531 65.621073 0.800000 64.444036 66.048149 3445.270435
45 1614144532 20.101427 0.400000 20.099660 20.103195 161.626955
42 1614144532 20.105984 0.400000 20.104367 20.107601 161.700238
48 1614144532 65.621073 0.800000 64.444036 66.048149 3445.270435
45 1614144533 20.089747 0.600000 20.080364 20.098910 242.158796
48 1614144533 65.602951 0.400000 65.541302 65.664600 1721.500395
45 1614144534 20.089747 0.600000 20.080364 20.098910 242.158796
45 1614144535 20.089747 0.600000 20.080364 20.098910 242.158796
48 1614144534 65.602951 0.400000 65.541302 65.664600 1721.500395
48 1614144535 65.602951 0.400000 65.541302 65.664600 1721.500395
45 1614144536 20.089747 0.600000 20.080364 20.098910 242.158796
48 1614144536 65.602951 0.400000 65.541302 65.664600 1721.500395
45 1614144537 20.089747 0.600000 20.080364 20.098910 242.158796
48 1614144537 65.602951 0.400000 65.541302 65.664600 1721.500395
45 1614144538 20.090637 0.200000 20.090637 20.090637 80.726739
48 1614144538 66.951490 0.600000 65.073792 68.553173 2690.734653
45 1614144539 20.090637 0.200000 20.090637 20.090637 80.726739
48 1614144539 66.951490 0.600000 65.073792 68.553173 2690.734653
45 1614144540 20.090637 0.200000 20.090637 20.090637 80.726739
48 1614144540 66.951490 0.600000 65.073792 68.553173 2690.734653
45 1614144541 20.090637 0.200000 20.090637 20.090637 80.726739
48 1614144541 66.951490 0.600000 65.073792 68.553173 2690.734653
45 1614144542 20.090637 0.200000 20.090637 20.090637 80.726739
48 1614144542 66.951490 0.600000 65.073792 68.553173 2690.734653
45 1614144543 20.089220 1.000000 20.083414 20.096458 403.576768
48 1614144543 66.595426 0.200000 66.595426 66.595426 886.990142
45 1614144544 20.089220 1.000000 20.083414 20.096458 403.576768
48 1614144544 66.595426 0.200000 66.595426 66.595426 886.990142
45 1614144545 20.089220 1.000000 20.083414 20.096458 403.576768
48 1614144545 66.595426 0.200000 66.595426 66.595426 886.990142
45 1614144546 20.089220 1.000000 20.083414 20.096458 403.576768
48 1614144546 66.595426 0.200000 66.595426 66.595426 886.990142
45 1614144547 20.089220 1.000000 20.083414 20.096458 403.576768
48 1614144547 66.595426 0.200000 66.595426 66.595426 886.990142
45 1614144548 20.126499 0.600000 20.117967 20.135284 243.045598
42 1614144548 20.119201 0.800000 20.117329 20.120535 323.825808
48 1614144548 68.804713 1.000000 67.992931 70.205570 4734.695669
45 1614144549 20.126499 0.600000 20.117967 20.135284 243.045598
42 1614144549 20.119201 0.800000 20.117329 20.120535 323.825808
48 1614144549 68.804713 1.000000 67.992931 70.205570 4734.695669
45 1614144550 20.126499 0.600000 20.117967 20.135284 243.045598
42 1614144550 20.119201 0.800000 20.117329 20.120535 323.825808
48 1614144550 68.804713 1.000000 67.992931 70.205570 4734.695669
45 1614144551 20.126499 0.600000 20.117967 20.135284 243.045598
42 1614144551 20.119201 0.800000 20.117329 20.120535 323.825808
48 1614144551 68.804713 1.000000 67.992931 70.205570 4734.695669
45 1614144552 20.126499 0.600000 20.117967 20.135284 243.045598
42 1614144552 20.119201 0.800000 20.117329 20.120535 323.825808
48 1614144552 68.804713 1.000000 67.992931 70.205570 4734.695669
45 1614144553 26.809466 1.200000 20.085941 30.406260 889.593805
48 1614144553 67.305808 0.600000 67.269043 67.327720 2718.043503
45 1614144554 26.809466 1.200000 20.085941 30.406260 889.593805
48 1614144554 67.305808 0.600000 67.269043 67.327720 2718.043503
48 1614144555 67.305808 0.600000 67.269043 67.327720 2718.043503
45 1614144555 26.809466 1.200000 20.085941 30.406260 889.593805
45 1614144556 26.809466 1.200000 20.085941 30.406260 889.593805
48 1614144556 67.305808 0.600000 67.269043 67.327720 2718.043503
45 1614144557 26.809466 1.200000 20.085941 30.406260 889.593805
48 1614144557 67.305808 0.600000 67.269043 67.327720 2718.043503
45 1614144558 25.849181 0.800000 20.245749 31.405149 554.698745
42 1614144558 22.218429 0.800000 20.711856 23.370153 396.036741
48 1614144558 86.627507 1.000000 65.230724 101.250088 7809.054035
45 1614144559 25.849181 0.800000 20.245749 31.405149 554.698745
42 1614144559 22.218429 0.800000 20.711856 23.370153 396.036741
48 1614144559 86.627507 1.000000 65.230724 101.250088 7809.054035
48 1614144560 86.627507 1.000000 65.230724 101.250088 7809.054035
45 1614144560 25.849181 0.800000 20.245749 31.405149 554.698745
42 1614144560 22.218429 0.800000 20.711856 23.370153 396.036741
45 1614144561 25.849181 0.800000 20.245749 31.405149 554.698745
42 1614144561 22.218429 0.800000 20.711856 23.370153 396.036741
48 1614144561 86.627507 1.000000 65.230724 101.250088 7809.054035
45 1614144562 25.849181 0.800000 20.245749 31.405149 554.698745
42 1614144562 22.218429 0.800000 20.711856 23.370153 396.036741
48 1614144562 86.627507 1.000000 65.230724 101.250088 7809.054035
45 1614144563 20.087443 0.400000 20.086545 20.088341 161.402149
42 1614144563 20.374172 0.400000 20.110302 20.638042 166.070604
48 1614144563 89.420257 0.600000 66.924284 102.489744 4950.737189
45 1614144564 20.087443 0.400000 20.086545 20.088341 161.402149
42 1614144564 20.374172 0.400000 20.110302 20.638042 166.070604
48 1614144564 89.420257 0.600000 66.924284 102.489744 4950.737189
48 1614144565 89.420257 0.600000 66.924284 102.489744 4950.737189
42 1614144565 20.374172 0.400000 20.110302 20.638042 166.070604
45 1614144565 20.087443 0.400000 20.086545 20.088341 161.402149
45 1614144566 20.087443 0.400000 20.086545 20.088341 161.402149
42 1614144566 20.374172 0.400000 20.110302 20.638042 166.070604
48 1614144566 89.420257 0.600000 66.924284 102.489744 4950.737189
45 1614144567 20.087443 0.400000 20.086545 20.088341 161.402149
42 1614144567 20.374172 0.400000 20.110302 20.638042 166.070604
48 1614144567 89.420257 0.600000 66.924284 102.489744 4950.737189
42 1614144568 20.106271 0.600000 20.101749 20.113318 242.557304
48 1614144568 76.014530 0.800000 66.491608 103.901715 4830.003645
42 1614144569 20.106271 0.600000 20.101749 20.113318 242.557304
48 1614144569 76.014530 0.800000 66.491608 103.901715 4830.003645
42 1614144570 20.106271 0.600000 20.101749 20.113318 242.557304
48 1614144570 76.014530 0.800000 66.491608 103.901715 4830.003645
42 1614144571 20.106271 0.600000 20.101749 20.113318 242.557304
48 1614144571 76.014530 0.800000 66.491608 103.901715 4830.003645
42 1614144572 20.106271 0.600000 20.101749 20.113318 242.557304
48 1614144572 76.014530 0.800000 66.491608 103.901715 4830.003645
42 1614144573 20.784398 1.000000 20.106721 21.925552 432.474487
42 1614144574 20.784398 1.000000 20.106721 21.925552 432.474487
42 1614144575 20.784398 1.000000 20.106721 21.925552 432.474487
42 1614144576 20.784398 1.000000 20.106721 21.925552 432.474487
42 1614144577 20.784398 1.000000 20.106721 21.925552 432.474487
42 1614144578 20.127367 0.400000 20.102316 20.152418 162.044612
42 1614144579 20.127367 0.400000 20.102316 20.152418 162.044612
42 1614144580 20.127367 0.400000 20.102316 20.152418 162.044612
42 1614144581 20.127367 0.400000 20.102316 20.152418 162.044612
42 1614144582 20.127367 0.400000 20.102316 20.152418 162.044612
42 1614144583 20.107151 0.200000 20.107151 20.107151 80.859505
42 1614144584 20.107151 0.200000 20.107151 20.107151 80.859505
42 1614144585 20.107151 0.200000 20.107151 20.107151 80.859505
42 1614144586 20.107151 0.200000 20.107151 20.107151 80.859505
42 1614144587 20.107151 0.200000 20.107151 20.107151 80.859505
45 1614144588 20.103726 0.800000 20.093592 20.110724 323.327874
42 1614144588 25.106126 1.200000 20.094143 30.110256 786.358558
45 1614144589 20.103726 0.800000 20.093592 20.110724 323.327874
42 1614144589 25.106126 1.200000 20.094143 30.110256 786.358558
42 1614144590 25.106126 1.200000 20.094143 30.110256 786.358558
45 1614144590 20.103726 0.800000 20.093592 20.110724 323.327874
45 1614144591 20.103726 0.800000 20.093592 20.110724 323.327874
42 1614144591 25.106126 1.200000 20.094143 30.110256 786.358558
45 1614144592 20.103726 0.800000 20.093592 20.110724 323.327874
42 1614144592 25.106126 1.200000 20.094143 30.110256 786.358558
42 1614144593 30.099626 0.200000 30.099626 30.099626 181.197498
48 1614144593 64.837071 0.800000 64.210787 65.066014 3363.181381
42 1614144594 30.099626 0.200000 30.099626 30.099626 181.197498
48 1614144594 64.837071 0.800000 64.210787 65.066014 3363.181381
48 1614144595 64.837071 0.800000 64.210787 65.066014 3363.181381
42 1614144595 30.099626 0.200000 30.099626 30.099626 181.197498
42 1614144596 30.099626 0.200000 30.099626 30.099626 181.197498
48 1614144596 64.837071 0.800000 64.210787 65.066014 3363.181381
42 1614144597 30.099626 0.200000 30.099626 30.099626 181.197498
48 1614144597 64.837071 0.800000 64.210787 65.066014 3363.181381
45 1614144598 20.690584 1.000000 20.197736 21.402303 428.332080
45 1614144599 20.690584 1.000000 20.197736 21.402303 428.332080
42 1614144598 30.858156 0.400000 30.217137 31.499175 381.054681
42 1614144599 30.858156 0.400000 30.217137 31.499175 381.054681
45 1614144600 20.690584 1.000000 20.197736 21.402303 428.332080
42 1614144600 30.858156 0.400000 30.217137 31.499175 381.054681
45 1614144601 20.690584 1.000000 20.197736 21.402303 428.332080
42 1614144601 30.858156 0.400000 30.217137 31.499175 381.054681
45 1614144602 20.690584 1.000000 20.197736 21.402303 428.332080
42 1614144602 30.858156 0.400000 30.217137 31.499175 381.054681
45 1614144603 20.099688 0.400000 20.094202 20.105173 161.598988
48 1614144603 66.694603 1.000000 65.171526 68.805331 4450.690337
45 1614144604 20.099688 0.400000 20.094202 20.105173 161.598988
48 1614144604 66.694603 1.000000 65.171526 68.805331 4450.690337
45 1614144605 20.099688 0.400000 20.094202 20.105173 161.598988
48 1614144605 66.694603 1.000000 65.171526 68.805331 4450.690337
45 1614144606 20.099688 0.400000 20.094202 20.105173 161.598988
48 1614144606 66.694603 1.000000 65.171526 68.805331 4450.690337
45 1614144607 20.099688 0.400000 20.094202 20.105173 161.598988
48 1614144607 66.694603 1.000000 65.171526 68.805331 4450.690337
45 1614144608 20.091033 0.800000 20.088793 20.094765 322.919683
48 1614144608 64.377896 0.400000 64.073570 64.682222 1657.842447
45 1614144609 20.091033 0.800000 20.088793 20.094765 322.919683
48 1614144609 64.377896 0.400000 64.073570 64.682222 1657.842447
45 1614144610 20.091033 0.800000 20.088793 20.094765 322.919683
48 1614144610 64.377896 0.400000 64.073570 64.682222 1657.842447
45 1614144611 20.091033 0.800000 20.088793 20.094765 322.919683
48 1614144611 64.377896 0.400000 64.073570 64.682222 1657.842447
45 1614144612 20.091033 0.800000 20.088793 20.094765 322.919683
48 1614144612 64.377896 0.400000 64.073570 64.682222 1657.842447
45 1614144613 20.095383 0.600000 20.089122 20.102959 242.294663
42 1614144613 20.115859 0.800000 20.104826 20.132673 323.718330
48 1614144613 64.157944 0.800000 64.115070 64.178683 3292.993879
45 1614144614 20.095383 0.600000 20.089122 20.102959 242.294663
42 1614144614 20.115859 0.800000 20.104826 20.132673 323.718330
48 1614144614 64.157944 0.800000 64.115070 64.178683 3292.993879
45 1614144615 20.095383 0.600000 20.089122 20.102959 242.294663
42 1614144615 20.115859 0.800000 20.104826 20.132673 323.718330
48 1614144615 64.157944 0.800000 64.115070 64.178683 3292.993879
45 1614144616 20.095383 0.600000 20.089122 20.102959 242.294663
42 1614144616 20.115859 0.800000 20.104826 20.132673 323.718330
48 1614144616 64.157944 0.800000 64.115070 64.178683 3292.993879
45 1614144617 20.095383 0.600000 20.089122 20.102959 242.294663
42 1614144617 20.115859 0.800000 20.104826 20.132673 323.718330
48 1614144617 64.157944 0.800000 64.115070 64.178683 3292.993879
45 1614144618 20.090500 0.600000 20.080211 20.096527 242.176939
48 1614144618 65.531089 0.600000 64.619590 66.786704 2577.099306
45 1614144619 20.090500 0.600000 20.080211 20.096527 242.176939
48 1614144619 65.531089 0.600000 64.619590 66.786704 2577.099306
45 1614144620 20.090500 0.600000 20.080211 20.096527 242.176939
48 1614144620 65.531089 0.600000 64.619590 66.786704 2577.099306
45 1614144621 20.090500 0.600000 20.080211 20.096527 242.176939
48 1614144621 65.531089 0.600000 64.619590 66.786704 2577.099306
45 1614144622 20.090500 0.600000 20.080211 20.096527 242.176939
48 1614144622 65.531089 0.600000 64.619590 66.786704 2577.099306
42 1614144623 20.103176 0.800000 20.099590 20.108161 323.310151
48 1614144623 64.395537 0.600000 64.119708 64.903035 2488.148589
42 1614144624 20.103176 0.800000 20.099590 20.108161 323.310151
48 1614144624 64.395537 0.600000 64.119708 64.903035 2488.148589
42 1614144625 20.103176 0.800000 20.099590 20.108161 323.310151
48 1614144625 64.395537 0.600000 64.119708 64.903035 2488.148589
42 1614144626 20.103176 0.800000 20.099590 20.108161 323.310151
48 1614144626 64.395537 0.600000 64.119708 64.903035 2488.148589
42 1614144627 20.103176 0.800000 20.099590 20.108161 323.310151
48 1614144627 64.395537 0.600000 64.119708 64.903035 2488.148589
45 1614144628 20.089500 0.600000 20.083545 20.100385 242.152835
42 1614144628 20.111649 0.400000 20.105072 20.118226 161.791388
45 1614144629 20.089500 0.600000 20.083545 20.100385 242.152835
42 1614144629 20.111649 0.400000 20.105072 20.118226 161.791388
42 1614144630 20.111649 0.400000 20.105072 20.118226 161.791388
45 1614144630 20.089500 0.600000 20.083545 20.100385 242.152835
45 1614144631 20.089500 0.600000 20.083545 20.100385 242.152835
42 1614144631 20.111649 0.400000 20.105072 20.118226 161.791388
45 1614144632 20.089500 0.600000 20.083545 20.100385 242.152835
42 1614144632 20.111649 0.400000 20.105072 20.118226 161.791388
42 1614144633 20.103541 1.000000 20.095739 20.107669 404.152398
48 1614144633 64.247747 0.600000 64.108594 64.507371 2476.684030
42 1614144634 20.103541 1.000000 20.095739 20.107669 404.152398
48 1614144634 64.247747 0.600000 64.108594 64.507371 2476.684030
42 1614144635 20.103541 1.000000 20.095739 20.107669 404.152398
48 1614144635 64.247747 0.600000 64.108594 64.507371 2476.684030
42 1614144636 20.103541 1.000000 20.095739 20.107669 404.152398
48 1614144636 64.247747 0.600000 64.108594 64.507371 2476.684030
42 1614144637 20.103541 1.000000 20.095739 20.107669 404.152398
48 1614144637 64.247747 0.600000 64.108594 64.507371 2476.684030
42 1614144638 20.122735 0.600000 20.096564 20.164804 242.955211
42 1614144639 20.122735 0.600000 20.096564 20.164804 242.955211
42 1614144640 20.122735 0.600000 20.096564 20.164804 242.955211
42 1614144641 20.122735 0.600000 20.096564 20.164804 242.955211
42 1614144642 20.122735 0.600000 20.096564 20.164804 242.955211
42 1614144643 20.100258 0.400000 20.098482 20.102034 161.608150
42 1614144644 20.100258 0.400000 20.098482 20.102034 161.608150
42 1614144645 20.100258 0.400000 20.098482 20.102034 161.608150
42 1614144646 20.100258 0.400000 20.098482 20.102034 161.608150
42 1614144647 20.100258 0.400000 20.098482 20.102034 161.608150
45 1614144648 30.088408 0.800000 30.085646 30.090698 724.249826
42 1614144648 20.103421 0.200000 20.103421 20.103421 80.829507
45 1614144649 30.088408 0.800000 30.085646 30.090698 724.249826
42 1614144649 20.103421 0.200000 20.103421 20.103421 80.829507
42 1614144650 20.103421 0.200000 20.103421 20.103421 80.829507
45 1614144650 30.088408 0.800000 30.085646 30.090698 724.249826
45 1614144651 30.088408 0.800000 30.085646 30.090698 724.249826
42 1614144651 20.103421 0.200000 20.103421 20.103421 80.829507
45 1614144652 30.088408 0.800000 30.085646 30.090698 724.249826
42 1614144652 20.103421 0.200000 20.103421 20.103421 80.829507
45 1614144653 22.092459 1.000000 20.089476 30.090880 504.070454
42 1614144653 20.126521 0.600000 20.114180 20.145770 243.046221
48 1614144653 95.561586 0.600000 95.518974 95.594969 5479.210587
45 1614144654 22.092459 1.000000 20.089476 30.090880 504.070454
42 1614144654 20.126521 0.600000 20.114180 20.145770 243.046221
48 1614144654 95.561586 0.600000 95.518974 95.594969 5479.210587
45 1614144655 22.092459 1.000000 20.089476 30.090880 504.070454
42 1614144655 20.126521 0.600000 20.114180 20.145770 243.046221
48 1614144655 95.561586 0.600000 95.518974 95.594969 5479.210587
45 1614144656 22.092459 1.000000 20.089476 30.090880 504.070454
42 1614144656 20.126521 0.600000 20.114180 20.145770 243.046221
48 1614144656 95.561586 0.600000 95.518974 95.594969 5479.210587
45 1614144657 22.092459 1.000000 20.089476 30.090880 504.070454
42 1614144657 20.126521 0.600000 20.114180 20.145770 243.046221
48 1614144657 95.561586 0.600000 95.518974 95.594969 5479.210587
45 1614144658 30.084420 0.200000 30.084420 30.084420 181.014465
48 1614144658 70.526185 1.000000 64.101349 95.522467 5130.159136
45 1614144659 30.084420 0.200000 30.084420 30.084420 181.014465
48 1614144659 70.526185 1.000000 64.101349 95.522467 5130.159136
45 1614144660 30.084420 0.200000 30.084420 30.084420 181.014465
48 1614144660 70.526185 1.000000 64.101349 95.522467 5130.159136
45 1614144661 30.084420 0.200000 30.084420 30.084420 181.014465
48 1614144661 70.526185 1.000000 64.101349 95.522467 5130.159136
45 1614144662 30.084420 0.200000 30.084420 30.084420 181.014465
45 1614144663 20.088500 1.000000 20.083676 20.096869 403.547870
48 1614144662 70.526185 1.000000 64.101349 95.522467 5130.159136
48 1614144663 96.433575 0.400000 95.752938 97.114212 3719.959064
45 1614144664 20.088500 1.000000 20.083676 20.096869 403.547870
48 1614144664 96.433575 0.400000 95.752938 97.114212 3719.959064
45 1614144665 20.088500 1.000000 20.083676 20.096869 403.547870
48 1614144665 96.433575 0.400000 95.752938 97.114212 3719.959064
45 1614144666 20.088500 1.000000 20.083676 20.096869 403.547870
48 1614144666 96.433575 0.400000 95.752938 97.114212 3719.959064
45 1614144667 20.088500 1.000000 20.083676 20.096869 403.547870
48 1614144667 96.433575 0.400000 95.752938 97.114212 3719.959064
45 1614144668 20.094498 0.400000 20.092240 20.096756 161.515543
48 1614144668 64.145202 1.000000 64.032832 64.240845 4114.612622
45 1614144669 20.094498 0.400000 20.092240 20.096756 161.515543
48 1614144669 64.145202 1.000000 64.032832 64.240845 4114.612622
45 1614144670 20.094498 0.400000 20.092240 20.096756 161.515543
48 1614144670 64.145202 1.000000 64.032832 64.240845 4114.612622
45 1614144671 20.094498 0.400000 20.092240 20.096756 161.515543
48 1614144671 64.145202 1.000000 64.032832 64.240845 4114.612622
45 1614144672 20.094498 0.400000 20.092240 20.096756 161.515543
48 1614144672 64.145202 1.000000 64.032832 64.240845 4114.612622
45 1614144673 20.092565 0.800000 20.081507 20.106783 322.969004
48 1614144673 64.355570 0.400000 64.211476 64.499664 1656.664059
45 1614144674 20.092565 0.800000 20.081507 20.106783 322.969004
48 1614144674 64.355570 0.400000 64.211476 64.499664 1656.664059
45 1614144675 20.092565 0.800000 20.081507 20.106783 322.969004
48 1614144675 64.355570 0.400000 64.211476 64.499664 1656.664059
45 1614144676 20.092565 0.800000 20.081507 20.106783 322.969004
48 1614144676 64.355570 0.400000 64.211476 64.499664 1656.664059
45 1614144677 20.092565 0.800000 20.081507 20.106783 322.969004
48 1614144677 64.355570 0.400000 64.211476 64.499664 1656.664059
45 1614144678 20.099213 0.800000 20.082026 20.115300 323.182812
42 1614144678 20.129014 0.800000 20.103639 20.169069 324.142291
48 1614144678 64.170015 0.800000 64.080299 64.207088 3294.234802
45 1614144679 20.099213 0.800000 20.082026 20.115300 323.182812
42 1614144679 20.129014 0.800000 20.103639 20.169069 324.142291
48 1614144679 64.170015 0.800000 64.080299 64.207088 3294.234802
45 1614144680 20.099213 0.800000 20.082026 20.115300 323.182812
42 1614144680 20.129014 0.800000 20.103639 20.169069 324.142291
48 1614144680 64.170015 0.800000 64.080299 64.207088 3294.234802
45 1614144681 20.099213 0.800000 20.082026 20.115300 323.182812
42 1614144681 20.129014 0.800000 20.103639 20.169069 324.142291
48 1614144681 64.170015 0.800000 64.080299 64.207088 3294.234802
45 1614144682 20.099213 0.800000 20.082026 20.115300 323.182812
42 1614144682 20.129014 0.800000 20.103639 20.169069 324.142291
48 1614144682 64.170015 0.800000 64.080299 64.207088 3294.234802
45 1614144683 20.086615 0.400000 20.083248 20.089982 161.388847
42 1614144683 30.096948 0.400000 30.093271 30.100625 362.330518
48 1614144683 64.127552 0.800000 63.983936 64.199547 3289.880027
45 1614144684 20.086615 0.400000 20.083248 20.089982 161.388847
42 1614144684 30.096948 0.400000 30.093271 30.100625 362.330518
48 1614144684 64.127552 0.800000 63.983936 64.199547 3289.880027
45 1614144685 20.086615 0.400000 20.083248 20.089982 161.388847
42 1614144685 30.096948 0.400000 30.093271 30.100625 362.330518
48 1614144685 64.127552 0.800000 63.983936 64.199547 3289.880027
45 1614144686 20.086615 0.400000 20.083248 20.089982 161.388847
42 1614144686 30.096948 0.400000 30.093271 30.100625 362.330518
48 1614144686 64.127552 0.800000 63.983936 64.199547 3289.880027
45 1614144687 20.086615 0.400000 20.083248 20.089982 161.388847
42 1614144687 30.096948 0.400000 30.093271 30.100625 362.330518
48 1614144687 64.127552 0.800000 63.983936 64.199547 3289.880027
55 1614144688 0.000013 0.200000 0.000013 0.000013 0.000000
45 1614144688 20.183928 0.200000 20.183928 20.183928 81.478190
42 1614144688 22.311575 1.200000 20.094949 31.522625 617.899603
48 1614144688 64.190749 0.400000 64.142796 64.238703 1648.181844
55 1614144689 0.000013 0.200000 0.000013 0.000013 0.000000
45 1614144689 20.183928 0.200000 20.183928 20.183928 81.478190
42 1614144689 22.311575 1.200000 20.094949 31.522625 617.899603
48 1614144689 64.190749 0.400000 64.142796 64.238703 1648.181844
55 1614144690 0.000013 0.200000 0.000013 0.000013 0.000000
45 1614144690 20.183928 0.200000 20.183928 20.183928 81.478190
42 1614144690 22.311575 1.200000 20.094949 31.522625 617.899603
48 1614144690 64.190749 0.400000 64.142796 64.238703 1648.181844
55 1614144691 0.000013 0.200000 0.000013 0.000013 0.000000
45 1614144691 20.183928 0.200000 20.183928 20.183928 81.478190
42 1614144691 22.311575 1.200000 20.094949 31.522625 617.899603
48 1614144691 64.190749 0.400000 64.142796 64.238703 1648.181844
55 1614144692 0.000013 0.200000 0.000013 0.000013 0.000000
45 1614144692 20.183928 0.200000 20.183928 20.183928 81.478190
42 1614144692 22.311575 1.200000 20.094949 31.522625 617.899603
48 1614144692 64.190749 0.400000 64.142796 64.238703 1648.181844
45 1614144693 20.625626 0.400000 20.603031 20.648222 170.166791
42 1614144693 25.712606 0.400000 21.295137 30.130076 272.260866
45 1614144694 20.625626 0.400000 20.603031 20.648222 170.166791
42 1614144694 25.712606 0.400000 21.295137 30.130076 272.260866
45 1614144695 20.625626 0.400000 20.603031 20.648222 170.166791
42 1614144695 25.712606 0.400000 21.295137 30.130076 272.260866
45 1614144696 20.625626 0.400000 20.603031 20.648222 170.166791
42 1614144696 25.712606 0.400000 21.295137 30.130076 272.260866
45 1614144697 20.625626 0.400000 20.603031 20.648222 170.166791
42 1614144697 25.712606 0.400000 21.295137 30.130076 272.260866
42 1614144698 22.739465 1.200000 20.099322 32.500831 643.625423
48 1614144698 64.787901 0.600000 64.703032 64.918377 2518.488494
42 1614144699 22.739465 1.200000 20.099322 32.500831 643.625423
48 1614144699 64.787901 0.600000 64.703032 64.918377 2518.488494
48 1614144700 64.787901 0.600000 64.703032 64.918377 2518.488494
42 1614144700 22.739465 1.200000 20.099322 32.500831 643.625423
48 1614144701 64.787901 0.600000 64.703032 64.918377 2518.488494
48 1614144702 64.787901 0.600000 64.703032 64.918377 2518.488494
42 1614144701 22.739465 1.200000 20.099322 32.500831 643.625423
45 1614144762 20.095481 0.400000 20.093966 20.096996 161.531344
45 1614144761 20.095481 0.400000 20.093966 20.096996 161.531344
45 1614144760 20.095481 0.400000 20.093966 20.096996 161.531344
45 1614144759 20.095481 0.400000 20.093966 20.096996 161.531344
45 1614144758 20.095481 0.400000 20.093966 20.096996 161.531344
45 1614144757 25.090275 0.400000 20.093066 30.087485 261.797609
45 1614144756 25.090275 0.400000 20.093066 30.087485 261.797609
45 1614144755 25.090275 0.400000 20.093066 30.087485 261.797609
45 1614144754 25.090275 0.400000 20.093066 30.087485 261.797609
45 1614144753 25.090275 0.400000 20.093066 30.087485 261.797609
45 1614144752 26.758463 0.600000 20.086791 30.096711 442.962581
45 1614144751 26.758463 0.600000 20.086791 30.096711 442.962581
45 1614144750 26.758463 0.600000 20.086791 30.096711 442.962581
45 1614144749 26.758463 0.600000 20.086791 30.096711 442.962581
45 1614144748 26.758463 0.600000 20.086791 30.096711 442.962581
45 1614144747 22.950982 1.400000 20.084318 30.101426 766.034709
45 1614144746 22.950982 1.400000 20.084318 30.101426 766.034709
45 1614144745 22.950982 1.400000 20.084318 30.101426 766.034709
45 1614144744 22.950982 1.400000 20.084318 30.101426 766.034709
45 1614144743 22.950982 1.400000 20.084318 30.101426 766.034709
45 1614144742 20.087506 0.600000 20.080609 20.096345 242.104756
45 1614144741 20.087506 0.600000 20.080609 20.096345 242.104756
45 1614144740 20.087506 0.600000 20.080609 20.096345 242.104756
45 1614144739 20.087506 0.600000 20.080609 20.096345 242.104756
45 1614144738 20.087506 0.600000 20.080609 20.096345 242.104756
45 1614144737 20.092145 0.600000 20.089850 20.094095 242.216583
45 1614144736 20.092145 0.600000 20.089850 20.094095 242.216583
45 1614144735 20.092145 0.600000 20.089850 20.094095 242.216583
45 1614144734 20.092145 0.600000 20.089850 20.094095 242.216583
45 1614144733 20.092145 0.600000 20.089850 20.094095 242.216583
45 1614144732 20.099711 0.800000 20.090499 20.108879 323.198744
45 1614144731 20.099711 0.800000 20.090499 20.108879 323.198744
45 1614144730 20.099711 0.800000 20.090499 20.108879 323.198744
45 1614144729 20.099711 0.800000 20.090499 20.108879 323.198744
45 1614144728 20.099711 0.800000 20.090499 20.108879 323.198744
45 1614144727 20.088097 0.200000 20.088097 20.088097 80.706329
45 1614144726 20.088097 0.200000 20.088097 20.088097 80.706329
45 1614144725 20.088097 0.200000 20.088097 20.088097 80.706329
45 1614144724 20.088097 0.200000 20.088097 20.088097 80.706329
45 1614144723 20.088097 0.200000 20.088097 20.088097 80.706329
45 1614144722 20.083304 0.800000 20.080227 20.085915 322.671288
45 1614144721 20.083304 0.800000 20.080227 20.085915 322.671288
45 1614144720 20.083304 0.800000 20.080227 20.085915 322.671288
45 1614144719 20.083304 0.800000 20.080227 20.085915 322.671288
45 1614144718 20.083304 0.800000 20.080227 20.085915 322.671288
42 1614144722 20.105963 0.600000 20.098521 20.110791 242.549866
42 1614144721 20.105963 0.600000 20.098521 20.110791 242.549866
42 1614144720 20.105963 0.600000 20.098521 20.110791 242.549866
42 1614144719 20.105963 0.600000 20.098521 20.110791 242.549866
42 1614144718 20.105963 0.600000 20.098521 20.110791 242.549866
42 1614144712 20.128522 0.600000 20.105407 20.168761 243.094936
42 1614144711 20.128522 0.600000 20.105407 20.168761 243.094936
42 1614144710 20.128522 0.600000 20.105407 20.168761 243.094936
42 1614144709 20.128522 0.600000 20.105407 20.168761 243.094936
42 1614144708 20.128522 0.600000 20.105407 20.168761 243.094936
42 1614144707 22.285522 0.600000 21.313041 22.924282 298.279706
42 1614144706 22.285522 0.600000 21.313041 22.924282 298.279706
42 1614144705 22.285522 0.600000 21.313041 22.924282 298.279706
42 1614144704 22.285522 0.600000 21.313041 22.924282 298.279706
42 1614144703 22.285522 0.600000 21.313041 22.924282 298.279706
42 1614144702 22.739465 1.200000 20.099322 32.500831 643.625423
55 1614144765 0.000008 1.333333 0.000008 0.000009 0.000000
55 1614144764 0.000008 1.333333 0.000008 0.000009 0.000000
55 1614144763 0.000008 1.333333 0.000008 0.000009 0.000000
55 1614144762 0.000008 0.200000 0.000008 0.000008 0.000000
55 1614144761 0.000008 0.200000 0.000008 0.000008 0.000000
55 1614144760 0.000008 0.200000 0.000008 0.000008 0.000000
55 1614144759 0.000008 0.200000 0.000008 0.000008 0.000000
55 1614144758 0.000008 0.200000 0.000008 0.000008 0.000000
55 1614144757 0.000007 0.400000 0.000007 0.000007 0.000000
55 1614144756 0.000007 0.400000 0.000007 0.000007 0.000000
55 1614144755 0.000007 0.400000 0.000007 0.000007 0.000000
55 1614144754 0.000007 0.400000 0.000007 0.000007 0.000000
55 1614144753 0.000007 0.400000 0.000007 0.000007 0.000000
55 1614144752 0.000008 1.400000 0.000007 0.000008 0.000000
55 1614144751 0.000008 1.400000 0.000007 0.000008 0.000000
55 1614144750 0.000008 1.400000 0.000007 0.000008 0.000000
55 1614144749 0.000008 1.400000 0.000007 0.000008 0.000000
55 1614144748 0.000008 1.400000 0.000007 0.000008 0.000000
55 1614144747 0.000008 0.600000 0.000008 0.000008 0.000000
55 1614144746 0.000008 0.600000 0.000008 0.000008 0.000000
55 1614144745 0.000008 0.600000 0.000008 0.000008 0.000000
55 1614144744 0.000008 0.600000 0.000008 0.000008 0.000000
55 1614144743 0.000008 0.600000 0.000008 0.000008 0.000000
55 1614144742 0.000008 0.600000 0.000007 0.000008 0.000000
55 1614144741 0.000008 0.600000 0.000007 0.000008 0.000000
55 1614144740 0.000008 0.600000 0.000007 0.000008 0.000000
55 1614144739 0.000008 0.600000 0.000007 0.000008 0.000000
55 1614144738 0.000008 0.600000 0.000007 0.000008 0.000000
55 1614144737 0.000008 1.000000 0.000007 0.000010 0.000000
55 1614144736 0.000008 1.000000 0.000007 0.000010 0.000000
55 1614144735 0.000008 1.000000 0.000007 0.000010 0.000000
55 1614144734 0.000008 1.000000 0.000007 0.000010 0.000000
55 1614144733 0.000008 1.000000 0.000007 0.000010 0.000000
55 1614144727 0.000013 0.800000 0.000008 0.000024 0.000000
55 1614144726 0.000013 0.800000 0.000008 0.000024 0.000000
55 1614144725 0.000013 0.800000 0.000008 0.000024 0.000000
55 1614144724 0.000013 0.800000 0.000008 0.000024 0.000000
55 1614144723 0.000013 0.800000 0.000008 0.000024 0.000000
48 1614144765 72.838418 1.333333 64.158702 98.035675 7356.238550
48 1614144764 72.838418 1.333333 64.158702 98.035675 7356.238550
48 1614144763 72.838418 1.333333 64.158702 98.035675 7356.238550
48 1614144762 95.559595 0.200000 95.559595 95.559595 1826.327225
48 1614144761 95.559595 0.200000 95.559595 95.559595 1826.327225
48 1614144760 95.559595 0.200000 95.559595 95.559595 1826.327225
48 1614144759 95.559595 0.200000 95.559595 95.559595 1826.327225
48 1614144758 95.559595 0.200000 95.559595 95.559595 1826.327225
48 1614144757 80.495760 0.400000 64.003016 96.988504 2700.631206
48 1614144756 80.495760 0.400000 64.003016 96.988504 2700.631206
48 1614144755 80.495760 0.400000 64.003016 96.988504 2700.631206
48 1614144754 80.495760 0.400000 64.003016 96.988504 2700.631206
48 1614144753 80.495760 0.400000 64.003016 96.988504 2700.631206
48 1614144752 74.086054 1.400000 64.061380 95.819522 7949.646660
48 1614144751 74.086054 1.400000 64.061380 95.819522 7949.646660
48 1614144750 74.086054 1.400000 64.061380 95.819522 7949.646660
48 1614144749 74.086054 1.400000 64.061380 95.819522 7949.646660
48 1614144748 74.086054 1.400000 64.061380 95.819522 7949.646660
48 1614144747 64.691349 0.600000 64.029373 65.073580 2511.114867
48 1614144746 64.691349 0.600000 64.029373 65.073580 2511.114867
48 1614144745 64.691349 0.600000 64.029373 65.073580 2511.114867
48 1614144744 64.691349 0.600000 64.029373 65.073580 2511.114867
48 1614144743 64.691349 0.600000 64.029373 65.073580 2511.114867
48 1614144742 64.966719 0.600000 64.217167 65.417238 2532.575608
48 1614144741 64.966719 0.600000 64.217167 65.417238 2532.575608
48 1614144740 64.966719 0.600000 64.217167 65.417238 2532.575608
48 1614144739 64.966719 0.600000 64.217167 65.417238 2532.575608
48 1614144738 64.966719 0.600000 64.217167 65.417238 2532.575608
48 1614144737 65.002097 1.000000 64.575083 65.860277 4225.509935
48 1614144736 65.002097 1.000000 64.575083 65.860277 4225.509935
48 1614144735 65.002097 1.000000 64.575083 65.860277 4225.509935
48 1614144734 65.002097 1.000000 64.575083 65.860277 4225.509935
48 1614144733 65.002097 1.000000 64.575083 65.860277 4225.509935
48 1614144727 64.350707 0.800000 64.135543 64.763193 3312.858403
48 1614144726 64.350707 0.800000 64.135543 64.763193 3312.858403
48 1614144725 64.350707 0.800000 64.135543 64.763193 3312.858403
48 1614144724 64.350707 0.800000 64.135543 64.763193 3312.858403
48 1614144723 64.350707 0.800000 64.135543 64.763193 3312.858403
