34 1614144338 5.400000 -1.000000 -101.000000 0.000000 0.000000
34 1614144339 5.400000 -1.000000 -101.000000 0.000000 0.000000
34 1614144340 5.400000 -1.000000 -101.000000 0.000000 0.000000
24 1614144333 0.600000 -1.000000 -101.000000 0.000000 0.000000
24 1614144334 0.600000 -1.000000 -101.000000 0.000000 0.000000
24 1614144335 0.600000 -1.000000 -101.000000 0.000000 0.000000
24 1614144336 0.600000 -1.000000 -101.000000 0.000000 0.000000
24 1614144337 0.600000 -1.000000 -101.000000 0.000000 0.000000
24 1614144338 0.600000 -1.000000 -101.000000 0.000000 0.000000
24 1614144339 0.600000 -1.000000 -101.000000 0.000000 0.000000
24 1614144340 0.600000 -1.000000 -101.000000 0.000000 0.000000
34 1614144341 5.400000 -1.000000 -101.000000 0.000000 0.000000
34 1614144342 5.400000 -1.000000 -101.000000 0.000000 0.000000
34 1614144343 5.400000 -1.000000 -101.000000 0.000000 0.000000
34 1614144344 5.400000 -1.000000 -101.000000 0.000000 0.000000
34 1614144345 5.400000 -1.000000 -101.000000 0.000000 0.000000
24 1614144341 0.600000 -1.000000 -101.000000 0.000000 0.000000
24 1614144342 0.600000 -1.000000 -101.000000 0.000000 0.000000
24 1614144343 0.600000 -1.000000 -101.000000 0.000000 0.000000
24 1614144344 0.600000 -1.000000 -101.000000 0.000000 0.000000
24 1614144345 0.600000 -1.000000 -101.000000 0.000000 0.000000
34 1614144346 5.400000 -1.000000 -101.000000 0.000000 0.000000
34 1614144347 5.400000 -1.000000 -101.000000 0.000000 0.000000
34 1614144348 5.400000 -1.000000 -101.000000 0.000000 0.000000
34 1614144349 5.400000 -1.000000 -101.000000 0.000000 0.000000
34 1614144350 5.400000 -1.000000 -101.000000 0.000000 0.000000
24 1614144346 0.600000 -1.000000 -101.000000 0.000000 0.000000
24 1614144347 0.600000 -1.000000 -101.000000 0.000000 0.000000
24 1614144348 0.600000 -1.000000 -101.000000 0.000000 0.000000
24 1614144349 0.600000 -1.000000 -101.000000 0.000000 0.000000
24 1614144350 0.600000 -1.000000 -101.000000 0.000000 0.000000
34 1614144351 5.400000 -1.000000 -101.000000 0.000000 0.000000
34 1614144352 5.400000 -1.000000 -101.000000 0.000000 0.000000
34 1614144353 5.400000 -1.000000 -101.000000 0.000000 0.000000
34 1614144354 5.400000 -1.000000 -101.000000 0.000000 0.000000
34 1614144355 5.400000 -1.000000 -101.000000 0.000000 0.000000
24 1614144351 0.600000 -1.000000 -101.000000 0.000000 0.000000
24 1614144352 0.600000 -1.000000 -101.000000 0.000000 0.000000
24 1614144353 0.600000 -1.000000 -101.000000 0.000000 0.000000
24 1614144354 0.600000 -1.000000 -101.000000 0.000000 0.000000
24 1614144355 0.600000 -1.000000 -101.000000 0.000000 0.000000
34 1614144356 5.400000 -1.000000 -101.000000 0.000000 0.000000
34 1614144357 5.400000 -1.000000 -101.000000 0.000000 0.000000
34 1614144358 13.200000 -1.000000 -101.000000 0.000000 0.000000
34 1614144359 13.200000 -1.000000 -101.000000 0.000000 0.000000
34 1614144360 13.200000 -1.000000 -101.000000 0.000000 0.000000
24 1614144356 0.600000 -1.000000 -101.000000 0.000000 0.000000
24 1614144357 0.600000 -1.000000 -101.000000 0.000000 0.000000
24 1614144358 0.600000 -1.000000 -101.000000 0.000000 0.000000
24 1614144359 0.600000 -1.000000 -101.000000 0.000000 0.000000
24 1614144360 0.600000 -1.000000 -101.000000 0.000000 0.000000
34 1614144361 13.200000 -1.000000 -101.000000 0.000000 0.000000
34 1614144362 13.200000 -1.000000 -101.000000 0.000000 0.000000
34 1614144363 13.200000 -1.000000 -101.000000 0.000000 0.000000
34 1614144364 13.200000 -1.000000 -101.000000 0.000000 0.000000
34 1614144365 13.200000 -1.000000 -101.000000 0.000000 0.000000
24 1614144361 0.600000 -1.000000 -101.000000 0.000000 0.000000
24 1614144362 0.600000 -1.000000 -101.000000 0.000000 0.000000
24 1614144363 1.200000 -1.000000 -101.000000 0.000000 0.000000
24 1614144364 1.200000 -1.000000 -101.000000 0.000000 0.000000
24 1614144365 1.200000 -1.000000 -101.000000 0.000000 0.000000
34 1614144366 13.200000 -1.000000 -101.000000 0.000000 0.000000
34 1614144367 13.200000 -1.000000 -101.000000 0.000000 0.000000
34 1614144368 18.600000 -1.000000 -101.000000 0.000000 0.000000
34 1614144369 18.600000 -1.000000 -101.000000 0.000000 0.000000
34 1614144370 18.600000 -1.000000 -101.000000 0.000000 0.000000
24 1614144366 1.200000 -1.000000 -101.000000 0.000000 0.000000
24 1614144367 1.200000 -1.000000 -101.000000 0.000000 0.000000
24 1614144368 1.200000 -1.000000 -101.000000 0.000000 0.000000
24 1614144369 1.200000 -1.000000 -101.000000 0.000000 0.000000
24 1614144370 1.200000 -1.000000 -101.000000 0.000000 0.000000
34 1614144371 18.600000 -1.000000 -101.000000 0.000000 0.000000
34 1614144372 18.600000 -1.000000 -101.000000 0.000000 0.000000
34 1614144373 15.600000 -1.000000 -101.000000 0.000000 0.000000
34 1614144374 15.600000 -1.000000 -101.000000 0.000000 0.000000
34 1614144375 15.600000 -1.000000 -101.000000 0.000000 0.000000
24 1614144371 1.200000 -1.000000 -101.000000 0.000000 0.000000
24 1614144372 1.200000 -1.000000 -101.000000 0.000000 0.000000
34 1614144376 15.600000 -1.000000 -101.000000 0.000000 0.000000
34 1614144377 15.600000 -1.000000 -101.000000 0.000000 0.000000
34 1614144378 10.200000 -1.000000 -101.000000 0.000000 0.000000
34 1614144379 10.200000 -1.000000 -101.000000 0.000000 0.000000
34 1614144380 10.200000 -1.000000 -101.000000 0.000000 0.000000
34 1614144381 10.200000 -1.000000 -101.000000 0.000000 0.000000
34 1614144382 10.200000 -1.000000 -101.000000 0.000000 0.000000
34 1614144383 11.400000 -1.000000 -101.000000 0.000000 0.000000
34 1614144384 11.400000 -1.000000 -101.000000 0.000000 0.000000
34 1614144385 11.400000 -1.000000 -101.000000 0.000000 0.000000
34 1614144386 11.400000 -1.000000 -101.000000 0.000000 0.000000
34 1614144387 11.400000 -1.000000 -101.000000 0.000000 0.000000
34 1614144388 9.000000 -1.000000 -101.000000 0.000000 0.000000
34 1614144389 9.000000 -1.000000 -101.000000 0.000000 0.000000
34 1614144390 9.000000 -1.000000 -101.000000 0.000000 0.000000
34 1614144391 9.000000 -1.000000 -101.000000 0.000000 0.000000
34 1614144392 9.000000 -1.000000 -101.000000 0.000000 0.000000
34 1614144393 9.600000 -1.000000 -101.000000 0.000000 0.000000
34 1614144394 9.600000 -1.000000 -101.000000 0.000000 0.000000
34 1614144395 9.600000 -1.000000 -101.000000 0.000000 0.000000
34 1614144396 9.600000 -1.000000 -101.000000 0.000000 0.000000
34 1614144397 9.600000 -1.000000 -101.000000 0.000000 0.000000
34 1614144398 11.800000 -1.000000 -101.000000 0.000000 0.000000
34 1614144399 11.800000 -1.000000 -101.000000 0.000000 0.000000
34 1614144400 11.800000 -1.000000 -101.000000 0.000000 0.000000
24 1614144398 0.600000 -1.000000 -101.000000 0.000000 0.000000
24 1614144399 0.600000 -1.000000 -101.000000 0.000000 0.000000
24 1614144400 0.600000 -1.000000 -101.000000 0.000000 0.000000
34 1614144401 11.800000 -1.000000 -101.000000 0.000000 0.000000
34 1614144402 11.800000 -1.000000 -101.000000 0.000000 0.000000
34 1614144403 16.800000 -1.000000 -101.000000 0.000000 0.000000
34 1614144404 16.800000 -1.000000 -101.000000 0.000000 0.000000
34 1614144405 16.800000 -1.000000 -101.000000 0.000000 0.000000
24 1614144401 0.600000 -1.000000 -101.000000 0.000000 0.000000
24 1614144402 0.600000 -1.000000 -101.000000 0.000000 0.000000
24 1614144403 0.600000 -1.000000 -101.000000 0.000000 0.000000
24 1614144404 0.600000 -1.000000 -101.000000 0.000000 0.000000
24 1614144405 0.600000 -1.000000 -101.000000 0.000000 0.000000
34 1614144406 16.800000 -1.000000 -101.000000 0.000000 0.000000
34 1614144407 16.800000 -1.000000 -101.000000 0.000000 0.000000
34 1614144408 11.600000 -1.000000 -101.000000 0.000000 0.000000
34 1614144409 11.600000 -1.000000 -101.000000 0.000000 0.000000
34 1614144410 11.600000 -1.000000 -101.000000 0.000000 0.000000
24 1614144406 0.600000 -1.000000 -101.000000 0.000000 0.000000
24 1614144407 0.600000 -1.000000 -101.000000 0.000000 0.000000
24 1614144408 0.600000 -1.000000 -101.000000 0.000000 0.000000
24 1614144409 0.600000 -1.000000 -101.000000 0.000000 0.000000
24 1614144410 0.600000 -1.000000 -101.000000 0.000000 0.000000
34 1614144411 11.600000 -1.000000 -101.000000 0.000000 0.000000
34 1614144412 11.600000 -1.000000 -101.000000 0.000000 0.000000
34 1614144413 10.200000 -1.000000 -101.000000 0.000000 0.000000
34 1614144414 10.200000 -1.000000 -101.000000 0.000000 0.000000
34 1614144415 10.200000 -1.000000 -101.000000 0.000000 0.000000
24 1614144411 0.600000 -1.000000 -101.000000 0.000000 0.000000
24 1614144412 0.600000 -1.000000 -101.000000 0.000000 0.000000
24 1614144413 0.600000 -1.000000 -101.000000 0.000000 0.000000
24 1614144414 0.600000 -1.000000 -101.000000 0.000000 0.000000
24 1614144415 0.600000 -1.000000 -101.000000 0.000000 0.000000
34 1614144416 10.200000 -1.000000 -101.000000 0.000000 0.000000
34 1614144417 10.200000 -1.000000 -101.000000 0.000000 0.000000
34 1614144418 11.400000 -1.000000 -101.000000 0.000000 0.000000
34 1614144419 11.400000 -1.000000 -101.000000 0.000000 0.000000
34 1614144420 11.400000 -1.000000 -101.000000 0.000000 0.000000
24 1614144416 0.600000 -1.000000 -101.000000 0.000000 0.000000
24 1614144417 0.600000 -1.000000 -101.000000 0.000000 0.000000
24 1614144418 0.600000 -1.000000 -101.000000 0.000000 0.000000
24 1614144419 0.600000 -1.000000 -101.000000 0.000000 0.000000
24 1614144420 0.600000 -1.000000 -101.000000 0.000000 0.000000
34 1614144421 11.400000 -1.000000 -101.000000 0.000000 0.000000
34 1614144422 11.400000 -1.000000 -101.000000 0.000000 0.000000
34 1614144423 18.200000 -1.000000 -101.000000 0.000000 0.000000
34 1614144424 18.200000 -1.000000 -101.000000 0.000000 0.000000
34 1614144425 18.200000 -1.000000 -101.000000 0.000000 0.000000
24 1614144421 0.600000 -1.000000 -101.000000 0.000000 0.000000
24 1614144422 0.600000 -1.000000 -101.000000 0.000000 0.000000
24 1614144423 0.600000 -1.000000 -101.000000 0.000000 0.000000
24 1614144424 0.600000 -1.000000 -101.000000 0.000000 0.000000
24 1614144425 0.600000 -1.000000 -101.000000 0.000000 0.000000
34 1614144426 18.200000 -1.000000 -101.000000 0.000000 0.000000
34 1614144427 18.200000 -1.000000 -101.000000 0.000000 0.000000
34 1614144428 14.600000 -1.000000 -101.000000 0.000000 0.000000
34 1614144429 14.600000 -1.000000 -101.000000 0.000000 0.000000
34 1614144430 14.600000 -1.000000 -101.000000 0.000000 0.000000
34 1614144431 14.600000 -1.000000 -101.000000 0.000000 0.000000
34 1614144432 14.600000 -1.000000 -101.000000 0.000000 0.000000
34 1614144433 20.000000 -1.000000 -101.000000 0.000000 0.000000
34 1614144434 20.000000 -1.000000 -101.000000 0.000000 0.000000
34 1614144435 20.000000 -1.000000 -101.000000 0.000000 0.000000
24 1614144426 0.600000 -1.000000 -101.000000 0.000000 0.000000
24 1614144427 0.600000 -1.000000 -101.000000 0.000000 0.000000
24 1614144428 0.600000 -1.000000 -101.000000 0.000000 0.000000
24 1614144429 0.600000 -1.000000 -101.000000 0.000000 0.000000
24 1614144430 0.600000 -1.000000 -101.000000 0.000000 0.000000
24 1614144431 0.600000 -1.000000 -101.000000 0.000000 0.000000
24 1614144432 0.600000 -1.000000 -101.000000 0.000000 0.000000
24 1614144433 0.600000 -1.000000 -101.000000 0.000000 0.000000
24 1614144434 0.600000 -1.000000 -101.000000 0.000000 0.000000
24 1614144435 0.600000 -1.000000 -101.000000 0.000000 0.000000
34 1614144436 20.000000 -1.000000 -101.000000 0.000000 0.000000
34 1614144437 20.000000 -1.000000 -101.000000 0.000000 0.000000
34 1614144438 15.800000 -1.000000 -101.000000 0.000000 0.000000
34 1614144439 15.800000 -1.000000 -101.000000 0.000000 0.000000
34 1614144440 15.800000 -1.000000 -101.000000 0.000000 0.000000
24 1614144436 0.600000 -1.000000 -101.000000 0.000000 0.000000
24 1614144437 0.600000 -1.000000 -101.000000 0.000000 0.000000
34 1614144441 15.800000 -1.000000 -101.000000 0.000000 0.000000
34 1614144442 15.800000 -1.000000 -101.000000 0.000000 0.000000
34 1614144443 9.000000 -1.000000 -101.000000 0.000000 0.000000
34 1614144444 9.000000 -1.000000 -101.000000 0.000000 0.000000
34 1614144445 9.000000 -1.000000 -101.000000 0.000000 0.000000
34 1614144446 9.000000 -1.000000 -101.000000 0.000000 0.000000
34 1614144447 9.000000 -1.000000 -101.000000 0.000000 0.000000
34 1614144448 8.800000 -1.000000 -101.000000 0.000000 0.000000
34 1614144449 8.800000 -1.000000 -101.000000 0.000000 0.000000
34 1614144450 8.800000 -1.000000 -101.000000 0.000000 0.000000
34 1614144451 8.800000 -1.000000 -101.000000 0.000000 0.000000
34 1614144452 8.800000 -1.000000 -101.000000 0.000000 0.000000
34 1614144453 9.000000 -1.000000 -101.000000 0.000000 0.000000
34 1614144454 9.000000 -1.000000 -101.000000 0.000000 0.000000
34 1614144455 9.000000 -1.000000 -101.000000 0.000000 0.000000
34 1614144456 9.000000 -1.000000 -101.000000 0.000000 0.000000
34 1614144457 9.000000 -1.000000 -101.000000 0.000000 0.000000
34 1614144458 12.800000 -1.000000 -101.000000 0.000000 0.000000
34 1614144459 12.800000 -1.000000 -101.000000 0.000000 0.000000
34 1614144460 12.800000 -1.000000 -101.000000 0.000000 0.000000
34 1614144461 12.800000 -1.000000 -101.000000 0.000000 0.000000
34 1614144462 12.800000 -1.000000 -101.000000 0.000000 0.000000
34 1614144463 13.600000 -1.000000 -101.000000 0.000000 0.000000
34 1614144464 13.600000 -1.000000 -101.000000 0.000000 0.000000
34 1614144465 13.600000 -1.000000 -101.000000 0.000000 0.000000
34 1614144466 13.600000 -1.000000 -101.000000 0.000000 0.000000
34 1614144467 13.600000 -1.000000 -101.000000 0.000000 0.000000
34 1614144468 19.000000 -1.000000 -101.000000 0.000000 0.000000
34 1614144469 19.000000 -1.000000 -101.000000 0.000000 0.000000
34 1614144470 19.000000 -1.000000 -101.000000 0.000000 0.000000
24 1614144458 0.600000 -1.000000 -101.000000 0.000000 0.000000
24 1614144459 0.600000 -1.000000 -101.000000 0.000000 0.000000
24 1614144460 0.600000 -1.000000 -101.000000 0.000000 0.000000
24 1614144461 0.600000 -1.000000 -101.000000 0.000000 0.000000
24 1614144462 0.600000 -1.000000 -101.000000 0.000000 0.000000
24 1614144463 1.400000 -1.000000 -101.000000 0.000000 0.000000
24 1614144464 1.400000 -1.000000 -101.000000 0.000000 0.000000
24 1614144465 1.400000 -1.000000 -101.000000 0.000000 0.000000
24 1614144466 1.400000 -1.000000 -101.000000 0.000000 0.000000
24 1614144467 1.400000 -1.000000 -101.000000 0.000000 0.000000
24 1614144468 0.400000 -1.000000 -101.000000 0.000000 0.000000
24 1614144469 0.400000 -1.000000 -101.000000 0.000000 0.000000
24 1614144470 0.400000 -1.000000 -101.000000 0.000000 0.000000
34 1614144471 19.000000 -1.000000 -101.000000 0.000000 0.000000
34 1614144472 19.000000 -1.000000 -101.000000 0.000000 0.000000
34 1614144473 8.000000 -1.000000 -101.000000 0.000000 0.000000
34 1614144474 8.000000 -1.000000 -101.000000 0.000000 0.000000
34 1614144475 8.000000 -1.000000 -101.000000 0.000000 0.000000
24 1614144471 0.400000 -1.000000 -101.000000 0.000000 0.000000
24 1614144472 0.400000 -1.000000 -101.000000 0.000000 0.000000
24 1614144473 0.600000 -1.000000 -101.000000 0.000000 0.000000
24 1614144474 0.600000 -1.000000 -101.000000 0.000000 0.000000
24 1614144475 0.600000 -1.000000 -101.000000 0.000000 0.000000
34 1614144476 8.000000 -1.000000 -101.000000 0.000000 0.000000
34 1614144477 8.000000 -1.000000 -101.000000 0.000000 0.000000
34 1614144478 10.200000 -1.000000 -101.000000 0.000000 0.000000
34 1614144479 10.200000 -1.000000 -101.000000 0.000000 0.000000
34 1614144480 10.200000 -1.000000 -101.000000 0.000000 0.000000
24 1614144476 0.600000 -1.000000 -101.000000 0.000000 0.000000
24 1614144477 0.600000 -1.000000 -101.000000 0.000000 0.000000
24 1614144478 0.600000 -1.000000 -101.000000 0.000000 0.000000
24 1614144479 0.600000 -1.000000 -101.000000 0.000000 0.000000
24 1614144480 0.600000 -1.000000 -101.000000 0.000000 0.000000
34 1614144481 10.200000 -1.000000 -101.000000 0.000000 0.000000
34 1614144482 10.200000 -1.000000 -101.000000 0.000000 0.000000
34 1614144483 12.000000 -1.000000 -101.000000 0.000000 0.000000
34 1614144484 12.000000 -1.000000 -101.000000 0.000000 0.000000
34 1614144485 12.000000 -1.000000 -101.000000 0.000000 0.000000
24 1614144481 0.600000 -1.000000 -101.000000 0.000000 0.000000
24 1614144482 0.600000 -1.000000 -101.000000 0.000000 0.000000
24 1614144483 1.200000 -1.000000 -101.000000 0.000000 0.000000
24 1614144484 1.200000 -1.000000 -101.000000 0.000000 0.000000
24 1614144485 1.200000 -1.000000 -101.000000 0.000000 0.000000
34 1614144486 12.000000 -1.000000 -101.000000 0.000000 0.000000
34 1614144487 12.000000 -1.000000 -101.000000 0.000000 0.000000
34 1614144488 23.000000 -1.000000 -101.000000 0.000000 0.000000
34 1614144489 23.000000 -1.000000 -101.000000 0.000000 0.000000
34 1614144490 23.000000 -1.000000 -101.000000 0.000000 0.000000
24 1614144486 1.200000 -1.000000 -101.000000 0.000000 0.000000
24 1614144487 1.200000 -1.000000 -101.000000 0.000000 0.000000
34 1614144491 23.000000 -1.000000 -101.000000 0.000000 0.000000
34 1614144492 23.000000 -1.000000 -101.000000 0.000000 0.000000
34 1614144493 13.600000 -1.000000 -101.000000 0.000000 0.000000
34 1614144494 13.600000 -1.000000 -101.000000 0.000000 0.000000
34 1614144495 13.600000 -1.000000 -101.000000 0.000000 0.000000
24 1614144493 0.400000 -1.000000 -101.000000 0.000000 0.000000
24 1614144494 0.400000 -1.000000 -101.000000 0.000000 0.000000
24 1614144495 0.400000 -1.000000 -101.000000 0.000000 0.000000
34 1614144496 13.600000 -1.000000 -101.000000 0.000000 0.000000
34 1614144497 13.600000 -1.000000 -101.000000 0.000000 0.000000
34 1614144498 19.400000 -1.000000 -101.000000 0.000000 0.000000
34 1614144499 19.400000 -1.000000 -101.000000 0.000000 0.000000
34 1614144500 19.400000 -1.000000 -101.000000 0.000000 0.000000
24 1614144496 0.400000 -1.000000 -101.000000 0.000000 0.000000
24 1614144497 0.400000 -1.000000 -101.000000 0.000000 0.000000
24 1614144498 0.200000 -1.000000 -101.000000 0.000000 0.000000
24 1614144499 0.200000 -1.000000 -101.000000 0.000000 0.000000
24 1614144500 0.200000 -1.000000 -101.000000 0.000000 0.000000
34 1614144501 19.400000 -1.000000 -101.000000 0.000000 0.000000
34 1614144502 19.400000 -1.000000 -101.000000 0.000000 0.000000
34 1614144503 15.600000 -1.000000 -101.000000 0.000000 0.000000
34 1614144504 15.600000 -1.000000 -101.000000 0.000000 0.000000
34 1614144505 15.600000 -1.000000 -101.000000 0.000000 0.000000
24 1614144501 0.200000 -1.000000 -101.000000 0.000000 0.000000
24 1614144502 0.200000 -1.000000 -101.000000 0.000000 0.000000
24 1614144503 0.200000 -1.000000 -101.000000 0.000000 0.000000
24 1614144504 0.200000 -1.000000 -101.000000 0.000000 0.000000
24 1614144505 0.200000 -1.000000 -101.000000 0.000000 0.000000
34 1614144506 15.600000 -1.000000 -101.000000 0.000000 0.000000
34 1614144507 15.600000 -1.000000 -101.000000 0.000000 0.000000
34 1614144508 12.600000 -1.000000 -101.000000 0.000000 0.000000
34 1614144509 12.600000 -1.000000 -101.000000 0.000000 0.000000
34 1614144510 12.600000 -1.000000 -101.000000 0.000000 0.000000
24 1614144506 0.200000 -1.000000 -101.000000 0.000000 0.000000
24 1614144507 0.200000 -1.000000 -101.000000 0.000000 0.000000
24 1614144508 0.400000 -1.000000 -101.000000 0.000000 0.000000
24 1614144509 0.400000 -1.000000 -101.000000 0.000000 0.000000
24 1614144510 0.400000 -1.000000 -101.000000 0.000000 0.000000
34 1614144511 12.600000 -1.000000 -101.000000 0.000000 0.000000
34 1614144512 12.600000 -1.000000 -101.000000 0.000000 0.000000
34 1614144513 11.200000 -1.000000 -101.000000 0.000000 0.000000
34 1614144514 11.200000 -1.000000 -101.000000 0.000000 0.000000
34 1614144515 11.200000 -1.000000 -101.000000 0.000000 0.000000
34 1614144516 11.200000 -1.000000 -101.000000 0.000000 0.000000
34 1614144517 11.200000 -1.000000 -101.000000 0.000000 0.000000
34 1614144518 10.400000 -1.000000 -101.000000 0.000000 0.000000
34 1614144519 10.400000 -1.000000 -101.000000 0.000000 0.000000
34 1614144520 10.400000 -1.000000 -101.000000 0.000000 0.000000
34 1614144521 10.400000 -1.000000 -101.000000 0.000000 0.000000
34 1614144522 10.400000 -1.000000 -101.000000 0.000000 0.000000
34 1614144523 4.000000 -1.000000 -101.000000 0.000000 0.000000
34 1614144524 4.000000 -1.000000 -101.000000 0.000000 0.000000
34 1614144525 4.000000 -1.000000 -101.000000 0.000000 0.000000
34 1614144526 4.000000 -1.000000 -101.000000 0.000000 0.000000
34 1614144527 4.000000 -1.000000 -101.000000 0.000000 0.000000
34 1614144528 8.400000 -1.000000 -101.000000 0.000000 0.000000
34 1614144529 8.400000 -1.000000 -101.000000 0.000000 0.000000
34 1614144530 8.400000 -1.000000 -101.000000 0.000000 0.000000
34 1614144531 8.400000 -1.000000 -101.000000 0.000000 0.000000
34 1614144532 8.400000 -1.000000 -101.000000 0.000000 0.000000
34 1614144533 18.000000 -1.000000 -101.000000 0.000000 0.000000
34 1614144534 18.000000 -1.000000 -101.000000 0.000000 0.000000
34 1614144535 18.000000 -1.000000 -101.000000 0.000000 0.000000
24 1614144511 0.400000 -1.000000 -101.000000 0.000000 0.000000
24 1614144512 0.400000 -1.000000 -101.000000 0.000000 0.000000
24 1614144528 0.800000 -1.000000 -101.000000 0.000000 0.000000
24 1614144529 0.800000 -1.000000 -101.000000 0.000000 0.000000
24 1614144530 0.800000 -1.000000 -101.000000 0.000000 0.000000
24 1614144531 0.800000 -1.000000 -101.000000 0.000000 0.000000
24 1614144532 0.800000 -1.000000 -101.000000 0.000000 0.000000
24 1614144533 0.400000 -1.000000 -101.000000 0.000000 0.000000
24 1614144534 0.400000 -1.000000 -101.000000 0.000000 0.000000
24 1614144535 0.400000 -1.000000 -101.000000 0.000000 0.000000
34 1614144536 18.000000 -1.000000 -101.000000 0.000000 0.000000
34 1614144537 18.000000 -1.000000 -101.000000 0.000000 0.000000
34 1614144538 8.000000 -1.000000 -101.000000 0.000000 0.000000
34 1614144539 8.000000 -1.000000 -101.000000 0.000000 0.000000
34 1614144540 8.000000 -1.000000 -101.000000 0.000000 0.000000
34 1614144541 8.000000 -1.000000 -101.000000 0.000000 0.000000
34 1614144542 8.000000 -1.000000 -101.000000 0.000000 0.000000
34 1614144543 8.600000 -1.000000 -101.000000 0.000000 0.000000
34 1614144544 8.600000 -1.000000 -101.000000 0.000000 0.000000
34 1614144545 8.600000 -1.000000 -101.000000 0.000000 0.000000
24 1614144536 0.400000 -1.000000 -101.000000 0.000000 0.000000
24 1614144537 0.400000 -1.000000 -101.000000 0.000000 0.000000
24 1614144538 0.400000 -1.000000 -101.000000 0.000000 0.000000
24 1614144539 0.400000 -1.000000 -101.000000 0.000000 0.000000
24 1614144540 0.400000 -1.000000 -101.000000 0.000000 0.000000
24 1614144541 0.400000 -1.000000 -101.000000 0.000000 0.000000
24 1614144542 0.400000 -1.000000 -101.000000 0.000000 0.000000
24 1614144543 0.400000 -1.000000 -101.000000 0.000000 0.000000
24 1614144544 0.400000 -1.000000 -101.000000 0.000000 0.000000
24 1614144545 0.400000 -1.000000 -101.000000 0.000000 0.000000
34 1614144546 8.600000 -1.000000 -101.000000 0.000000 0.000000
34 1614144547 8.600000 -1.000000 -101.000000 0.000000 0.000000
34 1614144548 6.800000 -1.000000 -101.000000 0.000000 0.000000
34 1614144549 6.800000 -1.000000 -101.000000 0.000000 0.000000
34 1614144550 6.800000 -1.000000 -101.000000 0.000000 0.000000
24 1614144546 0.400000 -1.000000 -101.000000 0.000000 0.000000
24 1614144547 0.400000 -1.000000 -101.000000 0.000000 0.000000
24 1614144548 0.600000 -1.000000 -101.000000 0.000000 0.000000
24 1614144549 0.600000 -1.000000 -101.000000 0.000000 0.000000
24 1614144550 0.600000 -1.000000 -101.000000 0.000000 0.000000
34 1614144551 6.800000 -1.000000 -101.000000 0.000000 0.000000
34 1614144552 6.800000 -1.000000 -101.000000 0.000000 0.000000
34 1614144553 24.800000 -1.000000 -101.000000 0.000000 0.000000
34 1614144554 24.800000 -1.000000 -101.000000 0.000000 0.000000
34 1614144555 24.800000 -1.000000 -101.000000 0.000000 0.000000
24 1614144551 0.600000 -1.000000 -101.000000 0.000000 0.000000
24 1614144552 0.600000 -1.000000 -101.000000 0.000000 0.000000
24 1614144553 1.000000 -1.000000 -101.000000 0.000000 0.000000
24 1614144554 1.000000 -1.000000 -101.000000 0.000000 0.000000
24 1614144555 1.000000 -1.000000 -101.000000 0.000000 0.000000
34 1614144556 24.800000 -1.000000 -101.000000 0.000000 0.000000
34 1614144557 24.800000 -1.000000 -101.000000 0.000000 0.000000
34 1614144558 14.800000 -1.000000 -101.000000 0.000000 0.000000
34 1614144559 14.800000 -1.000000 -101.000000 0.000000 0.000000
34 1614144560 14.800000 -1.000000 -101.000000 0.000000 0.000000
24 1614144556 1.000000 -1.000000 -101.000000 0.000000 0.000000
24 1614144557 1.000000 -1.000000 -101.000000 0.000000 0.000000
24 1614144558 1.000000 -1.000000 -101.000000 0.000000 0.000000
24 1614144559 1.000000 -1.000000 -101.000000 0.000000 0.000000
24 1614144560 1.000000 -1.000000 -101.000000 0.000000 0.000000
34 1614144561 14.800000 -1.000000 -101.000000 0.000000 0.000000
34 1614144562 14.800000 -1.000000 -101.000000 0.000000 0.000000
34 1614144563 22.000000 -1.000000 -101.000000 0.000000 0.000000
34 1614144564 22.000000 -1.000000 -101.000000 0.000000 0.000000
34 1614144565 22.000000 -1.000000 -101.000000 0.000000 0.000000
24 1614144561 1.000000 -1.000000 -101.000000 0.000000 0.000000
24 1614144562 1.000000 -1.000000 -101.000000 0.000000 0.000000
24 1614144563 0.600000 -1.000000 -101.000000 0.000000 0.000000
24 1614144564 0.600000 -1.000000 -101.000000 0.000000 0.000000
24 1614144565 0.600000 -1.000000 -101.000000 0.000000 0.000000
34 1614144566 22.000000 -1.000000 -101.000000 0.000000 0.000000
34 1614144567 22.000000 -1.000000 -101.000000 0.000000 0.000000
34 1614144568 15.600000 -1.000000 -101.000000 0.000000 0.000000
34 1614144569 15.600000 -1.000000 -101.000000 0.000000 0.000000
34 1614144570 15.600000 -1.000000 -101.000000 0.000000 0.000000
24 1614144566 0.600000 -1.000000 -101.000000 0.000000 0.000000
24 1614144567 0.600000 -1.000000 -101.000000 0.000000 0.000000
24 1614144568 0.800000 -1.000000 -101.000000 0.000000 0.000000
24 1614144569 0.800000 -1.000000 -101.000000 0.000000 0.000000
24 1614144570 0.800000 -1.000000 -101.000000 0.000000 0.000000
34 1614144571 15.600000 -1.000000 -101.000000 0.000000 0.000000
34 1614144572 15.600000 -1.000000 -101.000000 0.000000 0.000000
34 1614144573 18.600000 -1.000000 -101.000000 0.000000 0.000000
34 1614144574 18.600000 -1.000000 -101.000000 0.000000 0.000000
34 1614144575 18.600000 -1.000000 -101.000000 0.000000 0.000000
24 1614144571 0.800000 -1.000000 -101.000000 0.000000 0.000000
24 1614144572 0.800000 -1.000000 -101.000000 0.000000 0.000000
34 1614144576 18.600000 -1.000000 -101.000000 0.000000 0.000000
34 1614144577 18.600000 -1.000000 -101.000000 0.000000 0.000000
34 1614144578 13.800000 -1.000000 -101.000000 0.000000 0.000000
34 1614144579 13.800000 -1.000000 -101.000000 0.000000 0.000000
34 1614144580 13.800000 -1.000000 -101.000000 0.000000 0.000000
34 1614144581 13.800000 -1.000000 -101.000000 0.000000 0.000000
34 1614144582 13.800000 -1.000000 -101.000000 0.000000 0.000000
34 1614144583 6.400000 -1.000000 -101.000000 0.000000 0.000000
34 1614144584 6.400000 -1.000000 -101.000000 0.000000 0.000000
34 1614144585 6.400000 -1.000000 -101.000000 0.000000 0.000000
34 1614144586 6.400000 -1.000000 -101.000000 0.000000 0.000000
34 1614144587 6.400000 -1.000000 -101.000000 0.000000 0.000000
34 1614144588 3.800000 -1.000000 -101.000000 0.000000 0.000000
34 1614144589 3.800000 -1.000000 -101.000000 0.000000 0.000000
34 1614144590 3.800000 -1.000000 -101.000000 0.000000 0.000000
34 1614144591 3.800000 -1.000000 -101.000000 0.000000 0.000000
34 1614144592 3.800000 -1.000000 -101.000000 0.000000 0.000000
34 1614144593 20.200000 -1.000000 -101.000000 0.000000 0.000000
34 1614144594 20.200000 -1.000000 -101.000000 0.000000 0.000000
34 1614144595 20.200000 -1.000000 -101.000000 0.000000 0.000000
24 1614144593 0.800000 -1.000000 -101.000000 0.000000 0.000000
24 1614144594 0.800000 -1.000000 -101.000000 0.000000 0.000000
24 1614144595 0.800000 -1.000000 -101.000000 0.000000 0.000000
34 1614144596 20.200000 -1.000000 -101.000000 0.000000 0.000000
34 1614144597 20.200000 -1.000000 -101.000000 0.000000 0.000000
34 1614144598 13.400000 -1.000000 -101.000000 0.000000 0.000000
34 1614144599 13.400000 -1.000000 -101.000000 0.000000 0.000000
34 1614144600 13.400000 -1.000000 -101.000000 0.000000 0.000000
24 1614144596 0.800000 -1.000000 -101.000000 0.000000 0.000000
24 1614144597 0.800000 -1.000000 -101.000000 0.000000 0.000000
34 1614144601 13.400000 -1.000000 -101.000000 0.000000 0.000000
34 1614144602 13.400000 -1.000000 -101.000000 0.000000 0.000000
34 1614144603 9.200000 -1.000000 -101.000000 0.000000 0.000000
34 1614144604 9.200000 -1.000000 -101.000000 0.000000 0.000000
34 1614144605 9.200000 -1.000000 -101.000000 0.000000 0.000000
24 1614144603 0.800000 -1.000000 -101.000000 0.000000 0.000000
24 1614144604 0.800000 -1.000000 -101.000000 0.000000 0.000000
24 1614144605 0.800000 -1.000000 -101.000000 0.000000 0.000000
34 1614144606 9.200000 -1.000000 -101.000000 0.000000 0.000000
34 1614144607 9.200000 -1.000000 -101.000000 0.000000 0.000000
34 1614144608 15.000000 -1.000000 -101.000000 0.000000 0.000000
34 1614144609 15.000000 -1.000000 -101.000000 0.000000 0.000000
34 1614144610 15.000000 -1.000000 -101.000000 0.000000 0.000000
24 1614144606 0.800000 -1.000000 -101.000000 0.000000 0.000000
24 1614144607 0.800000 -1.000000 -101.000000 0.000000 0.000000
24 1614144608 0.400000 -1.000000 -101.000000 0.000000 0.000000
24 1614144609 0.400000 -1.000000 -101.000000 0.000000 0.000000
24 1614144610 0.400000 -1.000000 -101.000000 0.000000 0.000000
34 1614144611 15.000000 -1.000000 -101.000000 0.000000 0.000000
34 1614144612 15.000000 -1.000000 -101.000000 0.000000 0.000000
34 1614144613 9.000000 -1.000000 -101.000000 0.000000 0.000000
34 1614144614 9.000000 -1.000000 -101.000000 0.000000 0.000000
34 1614144615 9.000000 -1.000000 -101.000000 0.000000 0.000000
24 1614144611 0.400000 -1.000000 -101.000000 0.000000 0.000000
24 1614144612 0.400000 -1.000000 -101.000000 0.000000 0.000000
24 1614144613 1.000000 -1.000000 -101.000000 0.000000 0.000000
24 1614144614 1.000000 -1.000000 -101.000000 0.000000 0.000000
24 1614144615 1.000000 -1.000000 -101.000000 0.000000 0.000000
34 1614144616 9.000000 -1.000000 -101.000000 0.000000 0.000000
34 1614144617 9.000000 -1.000000 -101.000000 0.000000 0.000000
34 1614144618 22.600000 -1.000000 -101.000000 0.000000 0.000000
34 1614144619 22.600000 -1.000000 -101.000000 0.000000 0.000000
34 1614144620 22.600000 -1.000000 -101.000000 0.000000 0.000000
24 1614144616 1.000000 -1.000000 -101.000000 0.000000 0.000000
24 1614144617 1.000000 -1.000000 -101.000000 0.000000 0.000000
24 1614144618 0.600000 -1.000000 -101.000000 0.000000 0.000000
24 1614144619 0.600000 -1.000000 -101.000000 0.000000 0.000000
24 1614144620 0.600000 -1.000000 -101.000000 0.000000 0.000000
34 1614144621 22.600000 -1.000000 -101.000000 0.000000 0.000000
34 1614144622 22.600000 -1.000000 -101.000000 0.000000 0.000000
34 1614144623 10.800000 -1.000000 -101.000000 0.000000 0.000000
34 1614144624 10.800000 -1.000000 -101.000000 0.000000 0.000000
34 1614144625 10.800000 -1.000000 -101.000000 0.000000 0.000000
24 1614144621 0.600000 -1.000000 -101.000000 0.000000 0.000000
24 1614144622 0.600000 -1.000000 -101.000000 0.000000 0.000000
24 1614144623 0.400000 -1.000000 -101.000000 0.000000 0.000000
24 1614144624 0.400000 -1.000000 -101.000000 0.000000 0.000000
24 1614144625 0.400000 -1.000000 -101.000000 0.000000 0.000000
34 1614144626 10.800000 -1.000000 -101.000000 0.000000 0.000000
34 1614144627 10.800000 -1.000000 -101.000000 0.000000 0.000000
34 1614144628 17.800000 -1.000000 -101.000000 0.000000 0.000000
34 1614144629 17.800000 -1.000000 -101.000000 0.000000 0.000000
34 1614144630 17.800000 -1.000000 -101.000000 0.000000 0.000000
24 1614144626 0.400000 -1.000000 -101.000000 0.000000 0.000000
24 1614144627 0.400000 -1.000000 -101.000000 0.000000 0.000000
24 1614144628 0.200000 -1.000000 -101.000000 0.000000 0.000000
24 1614144629 0.200000 -1.000000 -101.000000 0.000000 0.000000
24 1614144630 0.200000 -1.000000 -101.000000 0.000000 0.000000
34 1614144631 17.800000 -1.000000 -101.000000 0.000000 0.000000
34 1614144632 17.800000 -1.000000 -101.000000 0.000000 0.000000
34 1614144633 8.600000 -1.000000 -101.000000 0.000000 0.000000
34 1614144634 8.600000 -1.000000 -101.000000 0.000000 0.000000
34 1614144635 8.600000 -1.000000 -101.000000 0.000000 0.000000
34 1614144636 8.600000 -1.000000 -101.000000 0.000000 0.000000
34 1614144637 8.600000 -1.000000 -101.000000 0.000000 0.000000
34 1614144638 21.000000 -1.000000 -101.000000 0.000000 0.000000
34 1614144639 21.000000 -1.000000 -101.000000 0.000000 0.000000
34 1614144640 21.000000 -1.000000 -101.000000 0.000000 0.000000
24 1614144631 0.200000 -1.000000 -101.000000 0.000000 0.000000
24 1614144632 0.200000 -1.000000 -101.000000 0.000000 0.000000
24 1614144633 0.600000 -1.000000 -101.000000 0.000000 0.000000
24 1614144634 0.600000 -1.000000 -101.000000 0.000000 0.000000
24 1614144635 0.600000 -1.000000 -101.000000 0.000000 0.000000
24 1614144636 0.600000 -1.000000 -101.000000 0.000000 0.000000
24 1614144637 0.600000 -1.000000 -101.000000 0.000000 0.000000
34 1614144641 21.000000 -1.000000 -101.000000 0.000000 0.000000
34 1614144642 21.000000 -1.000000 -101.000000 0.000000 0.000000
34 1614144643 8.800000 -1.000000 -101.000000 0.000000 0.000000
34 1614144644 8.800000 -1.000000 -101.000000 0.000000 0.000000
34 1614144645 8.800000 -1.000000 -101.000000 0.000000 0.000000
34 1614144646 8.800000 -1.000000 -101.000000 0.000000 0.000000
34 1614144647 8.800000 -1.000000 -101.000000 0.000000 0.000000
34 1614144648 6.600000 -1.000000 -101.000000 0.000000 0.000000
34 1614144649 6.600000 -1.000000 -101.000000 0.000000 0.000000
34 1614144650 6.600000 -1.000000 -101.000000 0.000000 0.000000
34 1614144651 6.600000 -1.000000 -101.000000 0.000000 0.000000
34 1614144652 6.600000 -1.000000 -101.000000 0.000000 0.000000
34 1614144653 6.800000 -1.000000 -101.000000 0.000000 0.000000
34 1614144654 6.800000 -1.000000 -101.000000 0.000000 0.000000
34 1614144655 6.800000 -1.000000 -101.000000 0.000000 0.000000
34 1614144656 6.800000 -1.000000 -101.000000 0.000000 0.000000
34 1614144657 6.800000 -1.000000 -101.000000 0.000000 0.000000
34 1614144658 20.400000 -1.000000 -101.000000 0.000000 0.000000
34 1614144659 20.400000 -1.000000 -101.000000 0.000000 0.000000
34 1614144660 20.400000 -1.000000 -101.000000 0.000000 0.000000
34 1614144661 20.400000 -1.000000 -101.000000 0.000000 0.000000
34 1614144662 20.400000 -1.000000 -101.000000 0.000000 0.000000
34 1614144663 14.400000 -1.000000 -101.000000 0.000000 0.000000
34 1614144664 14.400000 -1.000000 -101.000000 0.000000 0.000000
34 1614144665 14.400000 -1.000000 -101.000000 0.000000 0.000000
34 1614144666 14.400000 -1.000000 -101.000000 0.000000 0.000000
34 1614144667 14.400000 -1.000000 -101.000000 0.000000 0.000000
34 1614144668 9.400000 -1.000000 -101.000000 0.000000 0.000000
34 1614144669 9.400000 -1.000000 -101.000000 0.000000 0.000000
34 1614144670 9.400000 -1.000000 -101.000000 0.000000 0.000000
34 1614144671 9.400000 -1.000000 -101.000000 0.000000 0.000000
34 1614144672 9.400000 -1.000000 -101.000000 0.000000 0.000000
34 1614144673 14.200000 -1.000000 -101.000000 0.000000 0.000000
34 1614144674 14.200000 -1.000000 -101.000000 0.000000 0.000000
34 1614144675 14.200000 -1.000000 -101.000000 0.000000 0.000000
34 1614144676 14.200000 -1.000000 -101.000000 0.000000 0.000000
34 1614144677 14.200000 -1.000000 -101.000000 0.000000 0.000000
34 1614144678 8.400000 -1.000000 -101.000000 0.000000 0.000000
34 1614144679 8.400000 -1.000000 -101.000000 0.000000 0.000000
34 1614144680 8.400000 -1.000000 -101.000000 0.000000 0.000000
34 1614144681 8.400000 -1.000000 -101.000000 0.000000 0.000000
34 1614144682 8.400000 -1.000000 -101.000000 0.000000 0.000000
34 1614144683 23.200000 -1.000000 -101.000000 0.000000 0.000000
34 1614144684 23.200000 -1.000000 -101.000000 0.000000 0.000000
34 1614144685 23.200000 -1.000000 -101.000000 0.000000 0.000000
34 1614144686 23.200000 -1.000000 -101.000000 0.000000 0.000000
34 1614144687 23.200000 -1.000000 -101.000000 0.000000 0.000000
34 1614144688 17.600000 -1.000000 -101.000000 0.000000 0.000000
34 1614144689 17.600000 -1.000000 -101.000000 0.000000 0.000000
34 1614144690 17.600000 -1.000000 -101.000000 0.000000 0.000000
34 1614144691 17.600000 -1.000000 -101.000000 0.000000 0.000000
34 1614144692 17.600000 -1.000000 -101.000000 0.000000 0.000000
34 1614144693 20.800000 -1.000000 -101.000000 0.000000 0.000000
34 1614144694 20.800000 -1.000000 -101.000000 0.000000 0.000000
34 1614144695 20.800000 -1.000000 -101.000000 0.000000 0.000000
34 1614144696 20.800000 -1.000000 -101.000000 0.000000 0.000000
34 1614144697 20.800000 -1.000000 -101.000000 0.000000 0.000000
34 1614144698 9.400000 -1.000000 -101.000000 0.000000 0.000000
34 1614144699 9.400000 -1.000000 -101.000000 0.000000 0.000000
34 1614144700 9.400000 -1.000000 -101.000000 0.000000 0.000000
34 1614144701 9.400000 -1.000000 -101.000000 0.000000 0.000000
34 1614144702 9.400000 -1.000000 -101.000000 0.000000 0.000000
62 1614144692 0.200000 -1.000000 0.200000 0.200000 0.032000
62 1614144691 0.200000 -1.000000 0.200000 0.200000 0.032000
62 1614144690 0.200000 -1.000000 0.200000 0.200000 0.032000
62 1614144689 0.200000 -1.000000 0.200000 0.200000 0.032000
62 1614144688 0.200000 -1.000000 0.200000 0.200000 0.032000
34 1614144765 4.000000 -1.000000 4.000000 4.000000 12.800000
34 1614144764 4.000000 -1.000000 4.000000 4.000000 12.800000
34 1614144763 4.000000 -1.000000 4.000000 4.000000 12.800000
34 1614144762 1.200000 -1.000000 1.200000 1.200000 1.152000
34 1614144761 1.200000 -1.000000 1.200000 1.200000 1.152000
34 1614144760 1.200000 -1.000000 1.200000 1.200000 1.152000
34 1614144759 1.200000 -1.000000 1.200000 1.200000 1.152000
34 1614144758 1.200000 -1.000000 1.200000 1.200000 1.152000
34 1614144757 2.000000 -1.000000 2.000000 2.000000 3.200000
34 1614144756 2.000000 -1.000000 2.000000 2.000000 3.200000
34 1614144755 2.000000 -1.000000 2.000000 2.000000 3.200000
34 1614144754 2.000000 -1.000000 2.000000 2.000000 3.200000
34 1614144753 2.000000 -1.000000 2.000000 2.000000 3.200000
34 1614144752 5.600000 -1.000000 5.600000 5.600000 25.088000
34 1614144751 5.600000 -1.000000 5.600000 5.600000 25.088000
34 1614144750 5.600000 -1.000000 5.600000 5.600000 25.088000
34 1614144749 5.600000 -1.000000 5.600000 5.600000 25.088000
34 1614144748 5.600000 -1.000000 5.600000 5.600000 25.088000
34 1614144747 2.800000 -1.000000 2.800000 2.800000 6.272000
34 1614144746 2.800000 -1.000000 2.800000 2.800000 6.272000
34 1614144745 2.800000 -1.000000 2.800000 2.800000 6.272000
34 1614144744 2.800000 -1.000000 2.800000 2.800000 6.272000
34 1614144743 2.800000 -1.000000 2.800000 2.800000 6.272000
34 1614144742 3.000000 -1.000000 3.000000 3.000000 7.200000
34 1614144741 3.000000 -1.000000 3.000000 3.000000 7.200000
34 1614144740 3.000000 -1.000000 3.000000 3.000000 7.200000
34 1614144739 3.000000 -1.000000 3.000000 3.000000 7.200000
34 1614144738 3.000000 -1.000000 3.000000 3.000000 7.200000
34 1614144737 4.000000 -1.000000 4.000000 4.000000 12.800000
34 1614144736 4.000000 -1.000000 4.000000 4.000000 12.800000
34 1614144735 4.000000 -1.000000 4.000000 4.000000 12.800000
34 1614144734 4.000000 -1.000000 4.000000 4.000000 12.800000
34 1614144733 4.000000 -1.000000 4.000000 4.000000 12.800000
34 1614144732 1.800000 -1.000000 1.800000 1.800000 2.592000
34 1614144731 1.800000 -1.000000 1.800000 1.800000 2.592000
34 1614144730 1.800000 -1.000000 1.800000 1.800000 2.592000
34 1614144729 1.800000 -1.000000 1.800000 1.800000 2.592000
34 1614144728 1.800000 -1.000000 1.800000 1.800000 2.592000
34 1614144727 13.200000 -1.000000 13.200000 13.200000 139.392000
34 1614144726 13.200000 -1.000000 13.200000 13.200000 139.392000
34 1614144725 13.200000 -1.000000 13.200000 13.200000 139.392000
34 1614144724 13.200000 -1.000000 13.200000 13.200000 139.392000
34 1614144723 13.200000 -1.000000 13.200000 13.200000 139.392000
34 1614144722 1.800000 -1.000000 1.800000 1.800000 2.592000
34 1614144721 1.800000 -1.000000 1.800000 1.800000 2.592000
34 1614144720 1.800000 -1.000000 1.800000 1.800000 2.592000
34 1614144719 1.800000 -1.000000 1.800000 1.800000 2.592000
34 1614144718 1.800000 -1.000000 1.800000 1.800000 2.592000
34 1614144717 10.600000 -1.000000 10.600000 10.600000 89.888000
34 1614144716 10.600000 -1.000000 10.600000 10.600000 89.888000
34 1614144715 10.600000 -1.000000 10.600000 10.600000 89.888000
34 1614144714 10.600000 -1.000000 10.600000 10.600000 89.888000
34 1614144713 10.600000 -1.000000 10.600000 10.600000 89.888000
34 1614144712 9.200000 -1.000000 9.200000 9.200000 67.712000
34 1614144711 9.200000 -1.000000 9.200000 9.200000 67.712000
34 1614144710 9.200000 -1.000000 9.200000 9.200000 67.712000
34 1614144709 9.200000 -1.000000 9.200000 9.200000 67.712000
34 1614144708 9.200000 -1.000000 9.200000 9.200000 67.712000
34 1614144707 21.200000 -1.000000 21.200000 21.200000 359.552000
34 1614144706 21.200000 -1.000000 21.200000 21.200000 359.552000
34 1614144705 21.200000 -1.000000 21.200000 21.200000 359.552000
34 1614144704 21.200000 -1.000000 21.200000 21.200000 359.552000
34 1614144703 21.200000 -1.000000 21.200000 21.200000 359.552000
24 1614144702 0.600000 -1.000000 0.600000 0.600000 0.288000
24 1614144701 0.600000 -1.000000 0.600000 0.600000 0.288000
24 1614144700 0.600000 -1.000000 0.600000 0.600000 0.288000
24 1614144699 0.600000 -1.000000 0.600000 0.600000 0.288000
24 1614144698 0.600000 -1.000000 0.600000 0.600000 0.288000
24 1614144692 0.600000 -1.000000 0.600000 0.600000 0.288000
24 1614144691 0.600000 -1.000000 0.600000 0.600000 0.288000
24 1614144690 0.600000 -1.000000 0.600000 0.600000 0.288000
24 1614144689 0.600000 -1.000000 0.600000 0.600000 0.288000
24 1614144688 0.600000 -1.000000 0.600000 0.600000 0.288000
24 1614144687 0.600000 -1.000000 0.600000 0.600000 0.288000
24 1614144686 0.600000 -1.000000 0.600000 0.600000 0.288000
24 1614144685 0.600000 -1.000000 0.600000 0.600000 0.288000
24 1614144684 0.600000 -1.000000 0.600000 0.600000 0.288000
24 1614144683 0.600000 -1.000000 0.600000 0.600000 0.288000
24 1614144682 0.800000 -1.000000 0.800000 0.800000 0.512000
24 1614144681 0.800000 -1.000000 0.800000 0.800000 0.512000
24 1614144680 0.800000 -1.000000 0.800000 0.800000 0.512000
24 1614144679 0.800000 -1.000000 0.800000 0.800000 0.512000
24 1614144678 0.800000 -1.000000 0.800000 0.800000 0.512000
24 1614144677 0.400000 -1.000000 0.400000 0.400000 0.128000
24 1614144676 0.400000 -1.000000 0.400000 0.400000 0.128000
24 1614144675 0.400000 -1.000000 0.400000 0.400000 0.128000
24 1614144674 0.400000 -1.000000 0.400000 0.400000 0.128000
24 1614144673 0.400000 -1.000000 0.400000 0.400000 0.128000
24 1614144672 1.000000 -1.000000 1.000000 1.000000 0.800000
24 1614144671 1.000000 -1.000000 1.000000 1.000000 0.800000
24 1614144670 1.000000 -1.000000 1.000000 1.000000 0.800000
24 1614144669 1.000000 -1.000000 1.000000 1.000000 0.800000
24 1614144668 1.000000 -1.000000 1.000000 1.000000 0.800000
24 1614144667 0.400000 -1.000000 0.400000 0.400000 0.128000
24 1614144666 0.400000 -1.000000 0.400000 0.400000 0.128000
24 1614144665 0.400000 -1.000000 0.400000 0.400000 0.128000
24 1614144664 0.400000 -1.000000 0.400000 0.400000 0.128000
24 1614144663 0.400000 -1.000000 0.400000 0.400000 0.128000
24 1614144662 1.000000 -1.000000 1.000000 1.000000 0.800000
24 1614144661 1.000000 -1.000000 1.000000 1.000000 0.800000
24 1614144660 1.000000 -1.000000 1.000000 1.000000 0.800000
24 1614144659 1.000000 -1.000000 1.000000 1.000000 0.800000
24 1614144658 1.000000 -1.000000 1.000000 1.000000 0.800000
24 1614144657 0.600000 -1.000000 0.600000 0.600000 0.288000
24 1614144656 0.600000 -1.000000 0.600000 0.600000 0.288000
24 1614144655 0.600000 -1.000000 0.600000 0.600000 0.288000
24 1614144654 0.600000 -1.000000 0.600000 0.600000 0.288000
24 1614144653 0.600000 -1.000000 0.600000 0.600000 0.288000
