34 1614145420 12.600000 -1.000000 -101.000000 0.000000 0.000000
34 1614145421 12.600000 -1.000000 -101.000000 0.000000 0.000000
34 1614145422 12.600000 -1.000000 -101.000000 0.000000 0.000000
34 1614145423 12.600000 -1.000000 -101.000000 0.000000 0.000000
34 1614145424 12.600000 -1.000000 -101.000000 0.000000 0.000000
34 1614145425 12.600000 -1.000000 -101.000000 0.000000 0.000000
34 1614145426 12.600000 -1.000000 -101.000000 0.000000 0.000000
34 1614145427 12.600000 -1.000000 -101.000000 0.000000 0.000000
34 1614145428 12.600000 -1.000000 -101.000000 0.000000 0.000000
34 1614145429 12.600000 -1.000000 -101.000000 0.000000 0.000000
34 1614145430 12.600000 -1.000000 -101.000000 0.000000 0.000000
34 1614145431 12.600000 -1.000000 -101.000000 0.000000 0.000000
34 1614145432 12.600000 -1.000000 -101.000000 0.000000 0.000000
34 1614145433 12.600000 -1.000000 -101.000000 0.000000 0.000000
34 1614145434 12.600000 -1.000000 -101.000000 0.000000 0.000000
34 1614145435 12.600000 -1.000000 -101.000000 0.000000 0.000000
34 1614145436 12.600000 -1.000000 -101.000000 0.000000 0.000000
24 1614145415 1.400000 -1.000000 -101.000000 0.000000 0.000000
24 1614145416 1.400000 -1.000000 -101.000000 0.000000 0.000000
24 1614145417 1.400000 -1.000000 -101.000000 0.000000 0.000000
24 1614145418 1.400000 -1.000000 -101.000000 0.000000 0.000000
24 1614145419 1.400000 -1.000000 -101.000000 0.000000 0.000000
24 1614145420 1.400000 -1.000000 -101.000000 0.000000 0.000000
24 1614145421 1.400000 -1.000000 -101.000000 0.000000 0.000000
24 1614145422 1.400000 -1.000000 -101.000000 0.000000 0.000000
24 1614145423 1.400000 -1.000000 -101.000000 0.000000 0.000000
24 1614145424 1.400000 -1.000000 -101.000000 0.000000 0.000000
24 1614145425 1.400000 -1.000000 -101.000000 0.000000 0.000000
24 1614145426 1.400000 -1.000000 -101.000000 0.000000 0.000000
24 1614145427 1.400000 -1.000000 -101.000000 0.000000 0.000000
24 1614145428 1.400000 -1.000000 -101.000000 0.000000 0.000000
24 1614145429 1.400000 -1.000000 -101.000000 0.000000 0.000000
24 1614145430 1.400000 -1.000000 -101.000000 0.000000 0.000000
24 1614145431 1.400000 -1.000000 -101.000000 0.000000 0.000000
24 1614145432 1.400000 -1.000000 -101.000000 0.000000 0.000000
24 1614145433 1.400000 -1.000000 -101.000000 0.000000 0.000000
24 1614145434 1.400000 -1.000000 -101.000000 0.000000 0.000000
24 1614145435 1.400000 -1.000000 -101.000000 0.000000 0.000000
24 1614145436 1.400000 -1.000000 -101.000000 0.000000 0.000000
34 1614145437 12.600000 -1.000000 -101.000000 0.000000 0.000000
34 1614145438 12.600000 -1.000000 -101.000000 0.000000 0.000000
34 1614145439 12.600000 -1.000000 -101.000000 0.000000 0.000000
34 1614145440 28.400000 -1.000000 -101.000000 0.000000 0.000000
34 1614145441 28.400000 -1.000000 -101.000000 0.000000 0.000000
34 1614145442 28.400000 -1.000000 -101.000000 0.000000 0.000000
34 1614145443 28.400000 -1.000000 -101.000000 0.000000 0.000000
34 1614145444 28.400000 -1.000000 -101.000000 0.000000 0.000000
34 1614145445 17.000000 -1.000000 -101.000000 0.000000 0.000000
34 1614145446 17.000000 -1.000000 -101.000000 0.000000 0.000000
24 1614145437 1.400000 -1.000000 -101.000000 0.000000 0.000000
24 1614145438 1.400000 -1.000000 -101.000000 0.000000 0.000000
24 1614145439 1.400000 -1.000000 -101.000000 0.000000 0.000000
24 1614145440 0.800000 -1.000000 -101.000000 0.000000 0.000000
24 1614145441 0.800000 -1.000000 -101.000000 0.000000 0.000000
24 1614145442 0.800000 -1.000000 -101.000000 0.000000 0.000000
24 1614145443 0.800000 -1.000000 -101.000000 0.000000 0.000000
24 1614145444 0.800000 -1.000000 -101.000000 0.000000 0.000000
24 1614145445 0.600000 -1.000000 -101.000000 0.000000 0.000000
24 1614145446 0.600000 -1.000000 -101.000000 0.000000 0.000000
34 1614145447 17.000000 -1.000000 -101.000000 0.000000 0.000000
34 1614145448 17.000000 -1.000000 -101.000000 0.000000 0.000000
34 1614145449 17.000000 -1.000000 -101.000000 0.000000 0.000000
34 1614145450 11.200000 -1.000000 -101.000000 0.000000 0.000000
34 1614145451 11.200000 -1.000000 -101.000000 0.000000 0.000000
24 1614145447 0.600000 -1.000000 -101.000000 0.000000 0.000000
24 1614145448 0.600000 -1.000000 -101.000000 0.000000 0.000000
24 1614145449 0.600000 -1.000000 -101.000000 0.000000 0.000000
34 1614145452 11.200000 -1.000000 -101.000000 0.000000 0.000000
34 1614145453 11.200000 -1.000000 -101.000000 0.000000 0.000000
34 1614145454 11.200000 -1.000000 -101.000000 0.000000 0.000000
34 1614145455 11.000000 -1.000000 -101.000000 0.000000 0.000000
34 1614145456 11.000000 -1.000000 -101.000000 0.000000 0.000000
24 1614145455 1.000000 -1.000000 -101.000000 0.000000 0.000000
24 1614145456 1.000000 -1.000000 -101.000000 0.000000 0.000000
34 1614145457 11.000000 -1.000000 -101.000000 0.000000 0.000000
34 1614145458 11.000000 -1.000000 -101.000000 0.000000 0.000000
34 1614145459 11.000000 -1.000000 -101.000000 0.000000 0.000000
34 1614145460 16.600000 -1.000000 -101.000000 0.000000 0.000000
34 1614145461 16.600000 -1.000000 -101.000000 0.000000 0.000000
24 1614145457 1.000000 -1.000000 -101.000000 0.000000 0.000000
24 1614145458 1.000000 -1.000000 -101.000000 0.000000 0.000000
24 1614145459 1.000000 -1.000000 -101.000000 0.000000 0.000000
24 1614145460 0.600000 -1.000000 -101.000000 0.000000 0.000000
24 1614145461 0.600000 -1.000000 -101.000000 0.000000 0.000000
34 1614145462 16.600000 -1.000000 -101.000000 0.000000 0.000000
34 1614145463 16.600000 -1.000000 -101.000000 0.000000 0.000000
34 1614145464 16.600000 -1.000000 -101.000000 0.000000 0.000000
34 1614145465 10.400000 -1.000000 -101.000000 0.000000 0.000000
34 1614145466 10.400000 -1.000000 -101.000000 0.000000 0.000000
24 1614145462 0.600000 -1.000000 -101.000000 0.000000 0.000000
24 1614145463 0.600000 -1.000000 -101.000000 0.000000 0.000000
24 1614145464 0.600000 -1.000000 -101.000000 0.000000 0.000000
34 1614145467 10.400000 -1.000000 -101.000000 0.000000 0.000000
34 1614145468 10.400000 -1.000000 -101.000000 0.000000 0.000000
34 1614145469 10.400000 -1.000000 -101.000000 0.000000 0.000000
34 1614145470 19.200000 -1.000000 -101.000000 0.000000 0.000000
34 1614145471 19.200000 -1.000000 -101.000000 0.000000 0.000000
34 1614145472 19.200000 -1.000000 -101.000000 0.000000 0.000000
34 1614145473 19.200000 -1.000000 -101.000000 0.000000 0.000000
34 1614145474 19.200000 -1.000000 -101.000000 0.000000 0.000000
34 1614145475 16.200000 -1.000000 -101.000000 0.000000 0.000000
34 1614145476 16.200000 -1.000000 -101.000000 0.000000 0.000000
34 1614145477 16.200000 -1.000000 -101.000000 0.000000 0.000000
34 1614145478 16.200000 -1.000000 -101.000000 0.000000 0.000000
34 1614145479 16.200000 -1.000000 -101.000000 0.000000 0.000000
34 1614145480 8.400000 -1.000000 -101.000000 0.000000 0.000000
34 1614145481 8.400000 -1.000000 -101.000000 0.000000 0.000000
34 1614145482 8.400000 -1.000000 -101.000000 0.000000 0.000000
34 1614145483 8.400000 -1.000000 -101.000000 0.000000 0.000000
34 1614145484 8.400000 -1.000000 -101.000000 0.000000 0.000000
34 1614145485 19.400000 -1.000000 -101.000000 0.000000 0.000000
34 1614145486 19.400000 -1.000000 -101.000000 0.000000 0.000000
34 1614145487 19.400000 -1.000000 -101.000000 0.000000 0.000000
34 1614145488 19.400000 -1.000000 -101.000000 0.000000 0.000000
34 1614145489 19.400000 -1.000000 -101.000000 0.000000 0.000000
34 1614145490 9.000000 -1.000000 -101.000000 0.000000 0.000000
34 1614145491 9.000000 -1.000000 -101.000000 0.000000 0.000000
34 1614145492 9.000000 -1.000000 -101.000000 0.000000 0.000000
34 1614145493 9.000000 -1.000000 -101.000000 0.000000 0.000000
34 1614145494 9.000000 -1.000000 -101.000000 0.000000 0.000000
34 1614145495 16.800000 -1.000000 -101.000000 0.000000 0.000000
34 1614145496 16.800000 -1.000000 -101.000000 0.000000 0.000000
34 1614145497 16.800000 -1.000000 -101.000000 0.000000 0.000000
34 1614145498 16.800000 -1.000000 -101.000000 0.000000 0.000000
34 1614145499 16.800000 -1.000000 -101.000000 0.000000 0.000000
34 1614145500 13.400000 -1.000000 -101.000000 0.000000 0.000000
34 1614145501 13.400000 -1.000000 -101.000000 0.000000 0.000000
34 1614145502 13.400000 -1.000000 -101.000000 0.000000 0.000000
34 1614145503 13.400000 -1.000000 -101.000000 0.000000 0.000000
34 1614145504 13.400000 -1.000000 -101.000000 0.000000 0.000000
34 1614145505 8.000000 -1.000000 -101.000000 0.000000 0.000000
34 1614145506 8.000000 -1.000000 -101.000000 0.000000 0.000000
34 1614145507 8.000000 -1.000000 -101.000000 0.000000 0.000000
34 1614145508 8.000000 -1.000000 -101.000000 0.000000 0.000000
34 1614145509 8.000000 -1.000000 -101.000000 0.000000 0.000000
34 1614145510 17.400000 -1.000000 -101.000000 0.000000 0.000000
34 1614145511 17.400000 -1.000000 -101.000000 0.000000 0.000000
34 1614145512 17.400000 -1.000000 -101.000000 0.000000 0.000000
34 1614145513 17.400000 -1.000000 -101.000000 0.000000 0.000000
34 1614145514 17.400000 -1.000000 -101.000000 0.000000 0.000000
34 1614145515 31.800000 -1.000000 -101.000000 0.000000 0.000000
34 1614145516 31.800000 -1.000000 -101.000000 0.000000 0.000000
34 1614145517 31.800000 -1.000000 -101.000000 0.000000 0.000000
34 1614145518 31.800000 -1.000000 -101.000000 0.000000 0.000000
34 1614145519 31.800000 -1.000000 -101.000000 0.000000 0.000000
34 1614145520 12.000000 -1.000000 -101.000000 0.000000 0.000000
34 1614145521 12.000000 -1.000000 -101.000000 0.000000 0.000000
24 1614145495 1.000000 -1.000000 -101.000000 0.000000 0.000000
24 1614145496 1.000000 -1.000000 -101.000000 0.000000 0.000000
24 1614145497 1.000000 -1.000000 -101.000000 0.000000 0.000000
24 1614145498 1.000000 -1.000000 -101.000000 0.000000 0.000000
24 1614145499 1.000000 -1.000000 -101.000000 0.000000 0.000000
24 1614145505 0.600000 -1.000000 -101.000000 0.000000 0.000000
24 1614145506 0.600000 -1.000000 -101.000000 0.000000 0.000000
24 1614145507 0.600000 -1.000000 -101.000000 0.000000 0.000000
24 1614145508 0.600000 -1.000000 -101.000000 0.000000 0.000000
24 1614145509 0.600000 -1.000000 -101.000000 0.000000 0.000000
24 1614145510 1.000000 -1.000000 -101.000000 0.000000 0.000000
24 1614145511 1.000000 -1.000000 -101.000000 0.000000 0.000000
24 1614145512 1.000000 -1.000000 -101.000000 0.000000 0.000000
24 1614145513 1.000000 -1.000000 -101.000000 0.000000 0.000000
24 1614145514 1.000000 -1.000000 -101.000000 0.000000 0.000000
24 1614145515 1.400000 -1.000000 -101.000000 0.000000 0.000000
24 1614145516 1.400000 -1.000000 -101.000000 0.000000 0.000000
24 1614145517 1.400000 -1.000000 -101.000000 0.000000 0.000000
24 1614145518 1.400000 -1.000000 -101.000000 0.000000 0.000000
24 1614145519 1.400000 -1.000000 -101.000000 0.000000 0.000000
24 1614145520 0.600000 -1.000000 -101.000000 0.000000 0.000000
24 1614145521 0.600000 -1.000000 -101.000000 0.000000 0.000000
34 1614145522 12.000000 -1.000000 -101.000000 0.000000 0.000000
34 1614145523 12.000000 -1.000000 -101.000000 0.000000 0.000000
34 1614145524 12.000000 -1.000000 -101.000000 0.000000 0.000000
34 1614145525 21.600000 -1.000000 -101.000000 0.000000 0.000000
34 1614145526 21.600000 -1.000000 -101.000000 0.000000 0.000000
24 1614145522 0.600000 -1.000000 -101.000000 0.000000 0.000000
24 1614145523 0.600000 -1.000000 -101.000000 0.000000 0.000000
24 1614145524 0.600000 -1.000000 -101.000000 0.000000 0.000000
24 1614145525 0.400000 -1.000000 -101.000000 0.000000 0.000000
24 1614145526 0.400000 -1.000000 -101.000000 0.000000 0.000000
34 1614145527 21.600000 -1.000000 -101.000000 0.000000 0.000000
34 1614145528 21.600000 -1.000000 -101.000000 0.000000 0.000000
34 1614145529 21.600000 -1.000000 -101.000000 0.000000 0.000000
34 1614145530 27.800000 -1.000000 -101.000000 0.000000 0.000000
34 1614145531 27.800000 -1.000000 -101.000000 0.000000 0.000000
24 1614145527 0.400000 -1.000000 -101.000000 0.000000 0.000000
24 1614145528 0.400000 -1.000000 -101.000000 0.000000 0.000000
24 1614145529 0.400000 -1.000000 -101.000000 0.000000 0.000000
24 1614145530 2.000000 -1.000000 -101.000000 0.000000 0.000000
24 1614145531 2.000000 -1.000000 -101.000000 0.000000 0.000000
34 1614145532 27.800000 -1.000000 -101.000000 0.000000 0.000000
34 1614145533 27.800000 -1.000000 -101.000000 0.000000 0.000000
34 1614145534 27.800000 -1.000000 -101.000000 0.000000 0.000000
34 1614145535 10.400000 -1.000000 -101.000000 0.000000 0.000000
34 1614145536 10.400000 -1.000000 -101.000000 0.000000 0.000000
24 1614145532 2.000000 -1.000000 -101.000000 0.000000 0.000000
24 1614145533 2.000000 -1.000000 -101.000000 0.000000 0.000000
24 1614145534 2.000000 -1.000000 -101.000000 0.000000 0.000000
34 1614145537 10.400000 -1.000000 -101.000000 0.000000 0.000000
34 1614145538 10.400000 -1.000000 -101.000000 0.000000 0.000000
34 1614145539 10.400000 -1.000000 -101.000000 0.000000 0.000000
34 1614145540 23.400000 -1.000000 -101.000000 0.000000 0.000000
34 1614145541 23.400000 -1.000000 -101.000000 0.000000 0.000000
24 1614145540 0.400000 -1.000000 -101.000000 0.000000 0.000000
24 1614145541 0.400000 -1.000000 -101.000000 0.000000 0.000000
34 1614145542 23.400000 -1.000000 -101.000000 0.000000 0.000000
34 1614145543 23.400000 -1.000000 -101.000000 0.000000 0.000000
34 1614145544 23.400000 -1.000000 -101.000000 0.000000 0.000000
34 1614145545 17.800000 -1.000000 -101.000000 0.000000 0.000000
34 1614145546 17.800000 -1.000000 -101.000000 0.000000 0.000000
24 1614145542 0.400000 -1.000000 -101.000000 0.000000 0.000000
24 1614145543 0.400000 -1.000000 -101.000000 0.000000 0.000000
24 1614145544 0.400000 -1.000000 -101.000000 0.000000 0.000000
24 1614145545 0.800000 -1.000000 -101.000000 0.000000 0.000000
24 1614145546 0.800000 -1.000000 -101.000000 0.000000 0.000000
34 1614145547 17.800000 -1.000000 -101.000000 0.000000 0.000000
34 1614145548 17.800000 -1.000000 -101.000000 0.000000 0.000000
34 1614145549 17.800000 -1.000000 -101.000000 0.000000 0.000000
34 1614145550 11.000000 -1.000000 -101.000000 0.000000 0.000000
34 1614145551 11.000000 -1.000000 -101.000000 0.000000 0.000000
24 1614145547 0.800000 -1.000000 -101.000000 0.000000 0.000000
24 1614145548 0.800000 -1.000000 -101.000000 0.000000 0.000000
24 1614145549 0.800000 -1.000000 -101.000000 0.000000 0.000000
24 1614145550 0.600000 -1.000000 -101.000000 0.000000 0.000000
24 1614145551 0.600000 -1.000000 -101.000000 0.000000 0.000000
34 1614145552 11.000000 -1.000000 -101.000000 0.000000 0.000000
34 1614145553 11.000000 -1.000000 -101.000000 0.000000 0.000000
34 1614145554 11.000000 -1.000000 -101.000000 0.000000 0.000000
34 1614145555 10.800000 -1.000000 -101.000000 0.000000 0.000000
34 1614145556 10.800000 -1.000000 -101.000000 0.000000 0.000000
24 1614145552 0.600000 -1.000000 -101.000000 0.000000 0.000000
24 1614145553 0.600000 -1.000000 -101.000000 0.000000 0.000000
24 1614145554 0.600000 -1.000000 -101.000000 0.000000 0.000000
34 1614145557 10.800000 -1.000000 -101.000000 0.000000 0.000000
34 1614145558 10.800000 -1.000000 -101.000000 0.000000 0.000000
34 1614145559 10.800000 -1.000000 -101.000000 0.000000 0.000000
34 1614145560 14.600000 -1.000000 -101.000000 0.000000 0.000000
34 1614145561 14.600000 -1.000000 -101.000000 0.000000 0.000000
34 1614145562 14.600000 -1.000000 -101.000000 0.000000 0.000000
34 1614145563 14.600000 -1.000000 -101.000000 0.000000 0.000000
34 1614145564 14.600000 -1.000000 -101.000000 0.000000 0.000000
34 1614145565 11.800000 -1.000000 -101.000000 0.000000 0.000000
34 1614145566 11.800000 -1.000000 -101.000000 0.000000 0.000000
34 1614145567 11.800000 -1.000000 -101.000000 0.000000 0.000000
34 1614145568 11.800000 -1.000000 -101.000000 0.000000 0.000000
34 1614145569 11.800000 -1.000000 -101.000000 0.000000 0.000000
34 1614145570 13.000000 -1.000000 -101.000000 0.000000 0.000000
34 1614145571 13.000000 -1.000000 -101.000000 0.000000 0.000000
34 1614145572 13.000000 -1.000000 -101.000000 0.000000 0.000000
34 1614145573 13.000000 -1.000000 -101.000000 0.000000 0.000000
34 1614145574 13.000000 -1.000000 -101.000000 0.000000 0.000000
34 1614145575 18.200000 -1.000000 -101.000000 0.000000 0.000000
34 1614145576 18.200000 -1.000000 -101.000000 0.000000 0.000000
34 1614145577 18.200000 -1.000000 -101.000000 0.000000 0.000000
34 1614145578 18.200000 -1.000000 -101.000000 0.000000 0.000000
34 1614145579 18.200000 -1.000000 -101.000000 0.000000 0.000000
34 1614145580 7.800000 -1.000000 -101.000000 0.000000 0.000000
34 1614145581 7.800000 -1.000000 -101.000000 0.000000 0.000000
24 1614145580 0.600000 -1.000000 -101.000000 0.000000 0.000000
24 1614145581 0.600000 -1.000000 -101.000000 0.000000 0.000000
34 1614145582 7.800000 -1.000000 -101.000000 0.000000 0.000000
34 1614145583 7.800000 -1.000000 -101.000000 0.000000 0.000000
34 1614145584 7.800000 -1.000000 -101.000000 0.000000 0.000000
34 1614145585 25.000000 -1.000000 -101.000000 0.000000 0.000000
34 1614145586 25.000000 -1.000000 -101.000000 0.000000 0.000000
24 1614145582 0.600000 -1.000000 -101.000000 0.000000 0.000000
24 1614145583 0.600000 -1.000000 -101.000000 0.000000 0.000000
24 1614145584 0.600000 -1.000000 -101.000000 0.000000 0.000000
24 1614145585 1.000000 -1.000000 -101.000000 0.000000 0.000000
24 1614145586 1.000000 -1.000000 -101.000000 0.000000 0.000000
34 1614145587 25.000000 -1.000000 -101.000000 0.000000 0.000000
34 1614145588 25.000000 -1.000000 -101.000000 0.000000 0.000000
34 1614145589 25.000000 -1.000000 -101.000000 0.000000 0.000000
34 1614145590 14.600000 -1.000000 -101.000000 0.000000 0.000000
34 1614145591 14.600000 -1.000000 -101.000000 0.000000 0.000000
24 1614145587 1.000000 -1.000000 -101.000000 0.000000 0.000000
24 1614145588 1.000000 -1.000000 -101.000000 0.000000 0.000000
24 1614145589 1.000000 -1.000000 -101.000000 0.000000 0.000000
24 1614145590 1.200000 -1.000000 -101.000000 0.000000 0.000000
24 1614145591 1.200000 -1.000000 -101.000000 0.000000 0.000000
34 1614145592 14.600000 -1.000000 -101.000000 0.000000 0.000000
34 1614145593 14.600000 -1.000000 -101.000000 0.000000 0.000000
34 1614145594 14.600000 -1.000000 -101.000000 0.000000 0.000000
34 1614145595 15.600000 -1.000000 -101.000000 0.000000 0.000000
34 1614145596 15.600000 -1.000000 -101.000000 0.000000 0.000000
24 1614145592 1.200000 -1.000000 -101.000000 0.000000 0.000000
24 1614145593 1.200000 -1.000000 -101.000000 0.000000 0.000000
24 1614145594 1.200000 -1.000000 -101.000000 0.000000 0.000000
24 1614145595 1.600000 -1.000000 -101.000000 0.000000 0.000000
24 1614145596 1.600000 -1.000000 -101.000000 0.000000 0.000000
34 1614145597 15.600000 -1.000000 -101.000000 0.000000 0.000000
34 1614145598 15.600000 -1.000000 -101.000000 0.000000 0.000000
34 1614145599 15.600000 -1.000000 -101.000000 0.000000 0.000000
34 1614145600 24.200000 -1.000000 -101.000000 0.000000 0.000000
34 1614145601 24.200000 -1.000000 -101.000000 0.000000 0.000000
24 1614145597 1.600000 -1.000000 -101.000000 0.000000 0.000000
24 1614145598 1.600000 -1.000000 -101.000000 0.000000 0.000000
24 1614145599 1.600000 -1.000000 -101.000000 0.000000 0.000000
24 1614145600 0.600000 -1.000000 -101.000000 0.000000 0.000000
24 1614145601 0.600000 -1.000000 -101.000000 0.000000 0.000000
34 1614145602 24.200000 -1.000000 -101.000000 0.000000 0.000000
34 1614145603 24.200000 -1.000000 -101.000000 0.000000 0.000000
34 1614145604 24.200000 -1.000000 -101.000000 0.000000 0.000000
34 1614145605 9.200000 -1.000000 -101.000000 0.000000 0.000000
34 1614145606 9.200000 -1.000000 -101.000000 0.000000 0.000000
24 1614145602 0.600000 -1.000000 -101.000000 0.000000 0.000000
24 1614145603 0.600000 -1.000000 -101.000000 0.000000 0.000000
24 1614145604 0.600000 -1.000000 -101.000000 0.000000 0.000000
24 1614145605 0.200000 -1.000000 -101.000000 0.000000 0.000000
24 1614145606 0.200000 -1.000000 -101.000000 0.000000 0.000000
34 1614145607 9.200000 -1.000000 -101.000000 0.000000 0.000000
34 1614145608 9.200000 -1.000000 -101.000000 0.000000 0.000000
34 1614145609 9.200000 -1.000000 -101.000000 0.000000 0.000000
34 1614145610 19.400000 -1.000000 -101.000000 0.000000 0.000000
34 1614145611 19.400000 -1.000000 -101.000000 0.000000 0.000000
34 1614145612 19.400000 -1.000000 -101.000000 0.000000 0.000000
34 1614145613 19.400000 -1.000000 -101.000000 0.000000 0.000000
34 1614145614 19.400000 -1.000000 -101.000000 0.000000 0.000000
34 1614145615 23.800000 -1.000000 -101.000000 0.000000 0.000000
34 1614145616 23.800000 -1.000000 -101.000000 0.000000 0.000000
34 1614145617 23.800000 -1.000000 -101.000000 0.000000 0.000000
34 1614145618 23.800000 -1.000000 -101.000000 0.000000 0.000000
34 1614145619 23.800000 -1.000000 -101.000000 0.000000 0.000000
34 1614145620 16.000000 -1.000000 -101.000000 0.000000 0.000000
34 1614145621 16.000000 -1.000000 -101.000000 0.000000 0.000000
34 1614145622 16.000000 -1.000000 -101.000000 0.000000 0.000000
24 1614145607 0.200000 -1.000000 -101.000000 0.000000 0.000000
24 1614145608 0.200000 -1.000000 -101.000000 0.000000 0.000000
24 1614145609 0.200000 -1.000000 -101.000000 0.000000 0.000000
24 1614145610 0.400000 -1.000000 -101.000000 0.000000 0.000000
24 1614145611 0.400000 -1.000000 -101.000000 0.000000 0.000000
24 1614145612 0.400000 -1.000000 -101.000000 0.000000 0.000000
24 1614145613 0.400000 -1.000000 -101.000000 0.000000 0.000000
24 1614145614 0.400000 -1.000000 -101.000000 0.000000 0.000000
24 1614145615 0.600000 -1.000000 -101.000000 0.000000 0.000000
24 1614145616 0.600000 -1.000000 -101.000000 0.000000 0.000000
24 1614145617 0.600000 -1.000000 -101.000000 0.000000 0.000000
24 1614145618 0.600000 -1.000000 -101.000000 0.000000 0.000000
24 1614145619 0.600000 -1.000000 -101.000000 0.000000 0.000000
24 1614145620 0.600000 -1.000000 -101.000000 0.000000 0.000000
24 1614145621 0.600000 -1.000000 -101.000000 0.000000 0.000000
24 1614145622 0.600000 -1.000000 -101.000000 0.000000 0.000000
34 1614145623 16.000000 -1.000000 -101.000000 0.000000 0.000000
34 1614145624 16.000000 -1.000000 -101.000000 0.000000 0.000000
34 1614145625 11.200000 -1.000000 -101.000000 0.000000 0.000000
34 1614145626 11.200000 -1.000000 -101.000000 0.000000 0.000000
34 1614145627 11.200000 -1.000000 -101.000000 0.000000 0.000000
24 1614145623 0.600000 -1.000000 -101.000000 0.000000 0.000000
24 1614145624 0.600000 -1.000000 -101.000000 0.000000 0.000000
34 1614145628 11.200000 -1.000000 -101.000000 0.000000 0.000000
34 1614145629 11.200000 -1.000000 -101.000000 0.000000 0.000000
34 1614145630 9.200000 -1.000000 -101.000000 0.000000 0.000000
34 1614145631 9.200000 -1.000000 -101.000000 0.000000 0.000000
34 1614145632 9.200000 -1.000000 -101.000000 0.000000 0.000000
34 1614145633 9.200000 -1.000000 -101.000000 0.000000 0.000000
34 1614145634 9.200000 -1.000000 -101.000000 0.000000 0.000000
34 1614145635 21.200000 -1.000000 -101.000000 0.000000 0.000000
34 1614145636 21.200000 -1.000000 -101.000000 0.000000 0.000000
34 1614145637 21.200000 -1.000000 -101.000000 0.000000 0.000000
24 1614145635 0.400000 -1.000000 -101.000000 0.000000 0.000000
24 1614145636 0.400000 -1.000000 -101.000000 0.000000 0.000000
24 1614145637 0.400000 -1.000000 -101.000000 0.000000 0.000000
34 1614145638 21.200000 -1.000000 -101.000000 0.000000 0.000000
34 1614145639 21.200000 -1.000000 -101.000000 0.000000 0.000000
34 1614145640 16.800000 -1.000000 -101.000000 0.000000 0.000000
34 1614145641 16.800000 -1.000000 -101.000000 0.000000 0.000000
34 1614145642 16.800000 -1.000000 -101.000000 0.000000 0.000000
24 1614145638 0.400000 -1.000000 -101.000000 0.000000 0.000000
24 1614145639 0.400000 -1.000000 -101.000000 0.000000 0.000000
24 1614145640 0.200000 -1.000000 -101.000000 0.000000 0.000000
24 1614145641 0.200000 -1.000000 -101.000000 0.000000 0.000000
24 1614145642 0.200000 -1.000000 -101.000000 0.000000 0.000000
34 1614145643 16.800000 -1.000000 -101.000000 0.000000 0.000000
34 1614145644 16.800000 -1.000000 -101.000000 0.000000 0.000000
34 1614145645 21.400000 -1.000000 -101.000000 0.000000 0.000000
34 1614145646 21.400000 -1.000000 -101.000000 0.000000 0.000000
34 1614145647 21.400000 -1.000000 -101.000000 0.000000 0.000000
24 1614145643 0.200000 -1.000000 -101.000000 0.000000 0.000000
24 1614145644 0.200000 -1.000000 -101.000000 0.000000 0.000000
24 1614145645 0.800000 -1.000000 -101.000000 0.000000 0.000000
24 1614145646 0.800000 -1.000000 -101.000000 0.000000 0.000000
24 1614145647 0.800000 -1.000000 -101.000000 0.000000 0.000000
34 1614145648 21.400000 -1.000000 -101.000000 0.000000 0.000000
34 1614145649 21.400000 -1.000000 -101.000000 0.000000 0.000000
34 1614145650 10.800000 -1.000000 -101.000000 0.000000 0.000000
34 1614145651 10.800000 -1.000000 -101.000000 0.000000 0.000000
34 1614145652 10.800000 -1.000000 -101.000000 0.000000 0.000000
24 1614145648 0.800000 -1.000000 -101.000000 0.000000 0.000000
24 1614145649 0.800000 -1.000000 -101.000000 0.000000 0.000000
24 1614145650 0.600000 -1.000000 -101.000000 0.000000 0.000000
24 1614145651 0.600000 -1.000000 -101.000000 0.000000 0.000000
24 1614145652 0.600000 -1.000000 -101.000000 0.000000 0.000000
34 1614145653 10.800000 -1.000000 -101.000000 0.000000 0.000000
34 1614145654 10.800000 -1.000000 -101.000000 0.000000 0.000000
34 1614145655 17.600000 -1.000000 -101.000000 0.000000 0.000000
34 1614145656 17.600000 -1.000000 -101.000000 0.000000 0.000000
34 1614145657 17.600000 -1.000000 -101.000000 0.000000 0.000000
24 1614145653 0.600000 -1.000000 -101.000000 0.000000 0.000000
24 1614145654 0.600000 -1.000000 -101.000000 0.000000 0.000000
24 1614145655 1.200000 -1.000000 -101.000000 0.000000 0.000000
24 1614145656 1.200000 -1.000000 -101.000000 0.000000 0.000000
24 1614145657 1.200000 -1.000000 -101.000000 0.000000 0.000000
34 1614145658 17.600000 -1.000000 -101.000000 0.000000 0.000000
34 1614145659 17.600000 -1.000000 -101.000000 0.000000 0.000000
34 1614145660 9.800000 -1.000000 -101.000000 0.000000 0.000000
34 1614145661 9.800000 -1.000000 -101.000000 0.000000 0.000000
34 1614145662 9.800000 -1.000000 -101.000000 0.000000 0.000000
24 1614145658 1.200000 -1.000000 -101.000000 0.000000 0.000000
24 1614145659 1.200000 -1.000000 -101.000000 0.000000 0.000000
24 1614145660 0.800000 -1.000000 -101.000000 0.000000 0.000000
24 1614145661 0.800000 -1.000000 -101.000000 0.000000 0.000000
24 1614145662 0.800000 -1.000000 -101.000000 0.000000 0.000000
34 1614145663 9.800000 -1.000000 -101.000000 0.000000 0.000000
34 1614145664 9.800000 -1.000000 -101.000000 0.000000 0.000000
34 1614145665 23.800000 -1.000000 -101.000000 0.000000 0.000000
34 1614145666 23.800000 -1.000000 -101.000000 0.000000 0.000000
34 1614145667 23.800000 -1.000000 -101.000000 0.000000 0.000000
24 1614145663 0.800000 -1.000000 -101.000000 0.000000 0.000000
24 1614145664 0.800000 -1.000000 -101.000000 0.000000 0.000000
24 1614145665 0.200000 -1.000000 -101.000000 0.000000 0.000000
24 1614145666 0.200000 -1.000000 -101.000000 0.000000 0.000000
24 1614145667 0.200000 -1.000000 -101.000000 0.000000 0.000000
34 1614145668 23.800000 -1.000000 -101.000000 0.000000 0.000000
34 1614145669 23.800000 -1.000000 -101.000000 0.000000 0.000000
34 1614145670 12.200000 -1.000000 -101.000000 0.000000 0.000000
34 1614145671 12.200000 -1.000000 -101.000000 0.000000 0.000000
34 1614145672 12.200000 -1.000000 -101.000000 0.000000 0.000000
34 1614145673 12.200000 -1.000000 -101.000000 0.000000 0.000000
34 1614145674 12.200000 -1.000000 -101.000000 0.000000 0.000000
34 1614145675 11.400000 -1.000000 -101.000000 0.000000 0.000000
34 1614145676 11.400000 -1.000000 -101.000000 0.000000 0.000000
34 1614145677 11.400000 -1.000000 -101.000000 0.000000 0.000000
24 1614145668 0.200000 -1.000000 -101.000000 0.000000 0.000000
24 1614145669 0.200000 -1.000000 -101.000000 0.000000 0.000000
34 1614145678 11.400000 -1.000000 -101.000000 0.000000 0.000000
34 1614145679 11.400000 -1.000000 -101.000000 0.000000 0.000000
34 1614145680 18.400000 -1.000000 -101.000000 0.000000 0.000000
34 1614145681 18.400000 -1.000000 -101.000000 0.000000 0.000000
34 1614145682 18.400000 -1.000000 -101.000000 0.000000 0.000000
24 1614145680 0.400000 -1.000000 -101.000000 0.000000 0.000000
24 1614145681 0.400000 -1.000000 -101.000000 0.000000 0.000000
24 1614145682 0.400000 -1.000000 -101.000000 0.000000 0.000000
34 1614145683 18.400000 -1.000000 -101.000000 0.000000 0.000000
34 1614145684 18.400000 -1.000000 -101.000000 0.000000 0.000000
34 1614145685 11.600000 -1.000000 -101.000000 0.000000 0.000000
34 1614145686 11.600000 -1.000000 -101.000000 0.000000 0.000000
34 1614145687 11.600000 -1.000000 -101.000000 0.000000 0.000000
24 1614145683 0.400000 -1.000000 -101.000000 0.000000 0.000000
24 1614145684 0.400000 -1.000000 -101.000000 0.000000 0.000000
24 1614145685 0.400000 -1.000000 -101.000000 0.000000 0.000000
24 1614145686 0.400000 -1.000000 -101.000000 0.000000 0.000000
24 1614145687 0.400000 -1.000000 -101.000000 0.000000 0.000000
34 1614145688 11.600000 -1.000000 -101.000000 0.000000 0.000000
34 1614145689 11.600000 -1.000000 -101.000000 0.000000 0.000000
34 1614145690 16.200000 -1.000000 -101.000000 0.000000 0.000000
34 1614145691 16.200000 -1.000000 -101.000000 0.000000 0.000000
34 1614145692 16.200000 -1.000000 -101.000000 0.000000 0.000000
34 1614145693 16.200000 -1.000000 -101.000000 0.000000 0.000000
34 1614145694 16.200000 -1.000000 -101.000000 0.000000 0.000000
34 1614145695 23.200000 -1.000000 -101.000000 0.000000 0.000000
34 1614145696 23.200000 -1.000000 -101.000000 0.000000 0.000000
34 1614145697 23.200000 -1.000000 -101.000000 0.000000 0.000000
24 1614145688 0.400000 -1.000000 -101.000000 0.000000 0.000000
24 1614145689 0.400000 -1.000000 -101.000000 0.000000 0.000000
24 1614145695 1.600000 -1.000000 -101.000000 0.000000 0.000000
24 1614145696 1.600000 -1.000000 -101.000000 0.000000 0.000000
24 1614145697 1.600000 -1.000000 -101.000000 0.000000 0.000000
34 1614145698 23.200000 -1.000000 -101.000000 0.000000 0.000000
34 1614145699 23.200000 -1.000000 -101.000000 0.000000 0.000000
34 1614145700 14.000000 -1.000000 -101.000000 0.000000 0.000000
34 1614145701 14.000000 -1.000000 -101.000000 0.000000 0.000000
34 1614145702 14.000000 -1.000000 -101.000000 0.000000 0.000000
24 1614145698 1.600000 -1.000000 -101.000000 0.000000 0.000000
24 1614145699 1.600000 -1.000000 -101.000000 0.000000 0.000000
24 1614145700 1.400000 -1.000000 -101.000000 0.000000 0.000000
24 1614145701 1.400000 -1.000000 -101.000000 0.000000 0.000000
24 1614145702 1.400000 -1.000000 -101.000000 0.000000 0.000000
34 1614145703 14.000000 -1.000000 -101.000000 0.000000 0.000000
34 1614145704 14.000000 -1.000000 -101.000000 0.000000 0.000000
34 1614145705 24.800000 -1.000000 -101.000000 0.000000 0.000000
34 1614145706 24.800000 -1.000000 -101.000000 0.000000 0.000000
34 1614145707 24.800000 -1.000000 -101.000000 0.000000 0.000000
34 1614145708 24.800000 -1.000000 -101.000000 0.000000 0.000000
34 1614145709 24.800000 -1.000000 -101.000000 0.000000 0.000000
34 1614145710 25.600000 -1.000000 -101.000000 0.000000 0.000000
34 1614145711 25.600000 -1.000000 -101.000000 0.000000 0.000000
34 1614145712 25.600000 -1.000000 -101.000000 0.000000 0.000000
24 1614145703 1.400000 -1.000000 -101.000000 0.000000 0.000000
24 1614145704 1.400000 -1.000000 -101.000000 0.000000 0.000000
24 1614145705 1.400000 -1.000000 -101.000000 0.000000 0.000000
24 1614145706 1.400000 -1.000000 -101.000000 0.000000 0.000000
24 1614145707 1.400000 -1.000000 -101.000000 0.000000 0.000000
24 1614145708 1.400000 -1.000000 -101.000000 0.000000 0.000000
24 1614145709 1.400000 -1.000000 -101.000000 0.000000 0.000000
24 1614145710 1.000000 -1.000000 -101.000000 0.000000 0.000000
24 1614145711 1.000000 -1.000000 -101.000000 0.000000 0.000000
24 1614145712 1.000000 -1.000000 -101.000000 0.000000 0.000000
34 1614145713 25.600000 -1.000000 -101.000000 0.000000 0.000000
34 1614145714 25.600000 -1.000000 -101.000000 0.000000 0.000000
34 1614145715 15.000000 -1.000000 -101.000000 0.000000 0.000000
34 1614145716 15.000000 -1.000000 -101.000000 0.000000 0.000000
34 1614145717 15.000000 -1.000000 -101.000000 0.000000 0.000000
24 1614145713 1.000000 -1.000000 -101.000000 0.000000 0.000000
24 1614145714 1.000000 -1.000000 -101.000000 0.000000 0.000000
24 1614145715 0.400000 -1.000000 -101.000000 0.000000 0.000000
24 1614145716 0.400000 -1.000000 -101.000000 0.000000 0.000000
24 1614145717 0.400000 -1.000000 -101.000000 0.000000 0.000000
34 1614145718 15.000000 -1.000000 -101.000000 0.000000 0.000000
34 1614145719 15.000000 -1.000000 -101.000000 0.000000 0.000000
34 1614145720 21.600000 -1.000000 -101.000000 0.000000 0.000000
34 1614145721 21.600000 -1.000000 -101.000000 0.000000 0.000000
34 1614145722 21.600000 -1.000000 -101.000000 0.000000 0.000000
34 1614145723 21.600000 -1.000000 -101.000000 0.000000 0.000000
34 1614145724 21.600000 -1.000000 -101.000000 0.000000 0.000000
34 1614145725 21.400000 -1.000000 -101.000000 0.000000 0.000000
34 1614145726 21.400000 -1.000000 -101.000000 0.000000 0.000000
34 1614145727 21.400000 -1.000000 -101.000000 0.000000 0.000000
34 1614145728 21.400000 -1.000000 -101.000000 0.000000 0.000000
34 1614145729 21.400000 -1.000000 -101.000000 0.000000 0.000000
34 1614145730 12.800000 -1.000000 -101.000000 0.000000 0.000000
34 1614145731 12.800000 -1.000000 -101.000000 0.000000 0.000000
34 1614145732 12.800000 -1.000000 -101.000000 0.000000 0.000000
24 1614145718 0.400000 -1.000000 -101.000000 0.000000 0.000000
24 1614145719 0.400000 -1.000000 -101.000000 0.000000 0.000000
24 1614145720 0.400000 -1.000000 -101.000000 0.000000 0.000000
24 1614145721 0.400000 -1.000000 -101.000000 0.000000 0.000000
24 1614145722 0.400000 -1.000000 -101.000000 0.000000 0.000000
24 1614145723 0.400000 -1.000000 -101.000000 0.000000 0.000000
24 1614145724 0.400000 -1.000000 -101.000000 0.000000 0.000000
24 1614145725 0.800000 -1.000000 -101.000000 0.000000 0.000000
24 1614145726 0.800000 -1.000000 -101.000000 0.000000 0.000000
24 1614145727 0.800000 -1.000000 -101.000000 0.000000 0.000000
24 1614145728 0.800000 -1.000000 -101.000000 0.000000 0.000000
24 1614145729 0.800000 -1.000000 -101.000000 0.000000 0.000000
34 1614145733 12.800000 -1.000000 -101.000000 0.000000 0.000000
34 1614145734 12.800000 -1.000000 -101.000000 0.000000 0.000000
34 1614145735 19.200000 -1.000000 -101.000000 0.000000 0.000000
34 1614145736 19.200000 -1.000000 -101.000000 0.000000 0.000000
34 1614145737 19.200000 -1.000000 -101.000000 0.000000 0.000000
34 1614145738 19.200000 -1.000000 -101.000000 0.000000 0.000000
34 1614145739 19.200000 -1.000000 -101.000000 0.000000 0.000000
34 1614145740 15.200000 -1.000000 -101.000000 0.000000 0.000000
34 1614145741 15.200000 -1.000000 -101.000000 0.000000 0.000000
34 1614145742 15.200000 -1.000000 -101.000000 0.000000 0.000000
24 1614145735 0.600000 -1.000000 -101.000000 0.000000 0.000000
24 1614145736 0.600000 -1.000000 -101.000000 0.000000 0.000000
24 1614145737 0.600000 -1.000000 -101.000000 0.000000 0.000000
24 1614145738 0.600000 -1.000000 -101.000000 0.000000 0.000000
24 1614145739 0.600000 -1.000000 -101.000000 0.000000 0.000000
24 1614145740 0.200000 -1.000000 -101.000000 0.000000 0.000000
24 1614145741 0.200000 -1.000000 -101.000000 0.000000 0.000000
24 1614145742 0.200000 -1.000000 -101.000000 0.000000 0.000000
34 1614145743 15.200000 -1.000000 -101.000000 0.000000 0.000000
34 1614145744 15.200000 -1.000000 -101.000000 0.000000 0.000000
34 1614145745 8.800000 -1.000000 -101.000000 0.000000 0.000000
34 1614145746 8.800000 -1.000000 -101.000000 0.000000 0.000000
34 1614145747 8.800000 -1.000000 -101.000000 0.000000 0.000000
24 1614145743 0.200000 -1.000000 -101.000000 0.000000 0.000000
24 1614145744 0.200000 -1.000000 -101.000000 0.000000 0.000000
24 1614145745 0.400000 -1.000000 -101.000000 0.000000 0.000000
24 1614145746 0.400000 -1.000000 -101.000000 0.000000 0.000000
24 1614145747 0.400000 -1.000000 -101.000000 0.000000 0.000000
34 1614145748 8.800000 -1.000000 -101.000000 0.000000 0.000000
34 1614145749 8.800000 -1.000000 -101.000000 0.000000 0.000000
34 1614145750 12.000000 -1.000000 -101.000000 0.000000 0.000000
34 1614145751 12.000000 -1.000000 -101.000000 0.000000 0.000000
34 1614145752 12.000000 -1.000000 -101.000000 0.000000 0.000000
24 1614145748 0.400000 -1.000000 -101.000000 0.000000 0.000000
24 1614145749 0.400000 -1.000000 -101.000000 0.000000 0.000000
34 1614145753 12.000000 -1.000000 -101.000000 0.000000 0.000000
34 1614145754 12.000000 -1.000000 -101.000000 0.000000 0.000000
34 1614145755 15.400000 -1.000000 -101.000000 0.000000 0.000000
34 1614145756 15.400000 -1.000000 -101.000000 0.000000 0.000000
34 1614145757 15.400000 -1.000000 -101.000000 0.000000 0.000000
24 1614145755 0.200000 -1.000000 -101.000000 0.000000 0.000000
24 1614145756 0.200000 -1.000000 -101.000000 0.000000 0.000000
24 1614145757 0.200000 -1.000000 -101.000000 0.000000 0.000000
34 1614145758 15.400000 -1.000000 -101.000000 0.000000 0.000000
34 1614145759 15.400000 -1.000000 -101.000000 0.000000 0.000000
34 1614145760 15.000000 -1.000000 -101.000000 0.000000 0.000000
34 1614145761 15.000000 -1.000000 -101.000000 0.000000 0.000000
34 1614145762 15.000000 -1.000000 -101.000000 0.000000 0.000000
34 1614145763 15.000000 -1.000000 -101.000000 0.000000 0.000000
34 1614145764 15.000000 -1.000000 -101.000000 0.000000 0.000000
34 1614145765 13.800000 -1.000000 -101.000000 0.000000 0.000000
34 1614145766 13.800000 -1.000000 -101.000000 0.000000 0.000000
34 1614145767 13.800000 -1.000000 -101.000000 0.000000 0.000000
34 1614145768 13.800000 -1.000000 -101.000000 0.000000 0.000000
34 1614145769 13.800000 -1.000000 -101.000000 0.000000 0.000000
34 1614145770 17.600000 -1.000000 -101.000000 0.000000 0.000000
34 1614145771 17.600000 -1.000000 -101.000000 0.000000 0.000000
34 1614145772 17.600000 -1.000000 -101.000000 0.000000 0.000000
34 1614145773 17.600000 -1.000000 -101.000000 0.000000 0.000000
34 1614145774 17.600000 -1.000000 -101.000000 0.000000 0.000000
34 1614145775 15.600000 -1.000000 -101.000000 0.000000 0.000000
34 1614145776 15.600000 -1.000000 -101.000000 0.000000 0.000000
34 1614145777 15.600000 -1.000000 -101.000000 0.000000 0.000000
34 1614145778 15.600000 -1.000000 -101.000000 0.000000 0.000000
34 1614145779 15.600000 -1.000000 -101.000000 0.000000 0.000000
34 1614145780 14.000000 -1.000000 -101.000000 0.000000 0.000000
34 1614145781 14.000000 -1.000000 -101.000000 0.000000 0.000000
34 1614145782 14.000000 -1.000000 -101.000000 0.000000 0.000000
34 1614145783 14.000000 -1.000000 -101.000000 0.000000 0.000000
34 1614145784 14.000000 -1.000000 -101.000000 0.000000 0.000000
34 1614145785 6.400000 -1.000000 -101.000000 0.000000 0.000000
34 1614145786 6.400000 -1.000000 -101.000000 0.000000 0.000000
34 1614145787 6.400000 -1.000000 -101.000000 0.000000 0.000000
34 1614145788 6.400000 -1.000000 -101.000000 0.000000 0.000000
34 1614145789 6.400000 -1.000000 -101.000000 0.000000 0.000000
34 1614145790 4.600000 -1.000000 -101.000000 0.000000 0.000000
34 1614145791 4.600000 -1.000000 -101.000000 0.000000 0.000000
34 1614145792 4.600000 -1.000000 -101.000000 0.000000 0.000000
34 1614145793 4.600000 -1.000000 -101.000000 0.000000 0.000000
34 1614145794 4.600000 -1.000000 -101.000000 0.000000 0.000000
34 1614145795 8.400000 -1.000000 -101.000000 0.000000 0.000000
34 1614145796 8.400000 -1.000000 -101.000000 0.000000 0.000000
34 1614145797 8.400000 -1.000000 -101.000000 0.000000 0.000000
34 1614145798 8.400000 -1.000000 -101.000000 0.000000 0.000000
34 1614145799 8.400000 -1.000000 -101.000000 0.000000 0.000000
34 1614145800 15.400000 -1.000000 -101.000000 0.000000 0.000000
34 1614145801 15.400000 -1.000000 -101.000000 0.000000 0.000000
34 1614145802 15.400000 -1.000000 -101.000000 0.000000 0.000000
34 1614145803 15.400000 -1.000000 -101.000000 0.000000 0.000000
34 1614145804 15.400000 -1.000000 -101.000000 0.000000 0.000000
34 1614145805 11.000000 -1.000000 -101.000000 0.000000 0.000000
34 1614145806 11.000000 -1.000000 -101.000000 0.000000 0.000000
34 1614145807 11.000000 -1.000000 -101.000000 0.000000 0.000000
34 1614145808 11.000000 -1.000000 -101.000000 0.000000 0.000000
34 1614145809 11.000000 -1.000000 -101.000000 0.000000 0.000000
34 1614145810 12.400000 -1.000000 -101.000000 0.000000 0.000000
34 1614145811 12.400000 -1.000000 -101.000000 0.000000 0.000000
34 1614145812 12.400000 -1.000000 -101.000000 0.000000 0.000000
34 1614145813 12.400000 -1.000000 -101.000000 0.000000 0.000000
34 1614145814 12.400000 -1.000000 -101.000000 0.000000 0.000000
34 1614145815 5.800000 -1.000000 -101.000000 0.000000 0.000000
34 1614145878 1.000000 -1.000000 1.000000 1.000000 0.000000
34 1614145877 1.000000 -1.000000 1.000000 1.000000 0.000000
34 1614145876 1.000000 -1.000000 1.000000 1.000000 0.000000
34 1614145875 1.000000 -1.000000 1.000000 1.000000 0.000000
34 1614145874 1.600000 -1.000000 1.600000 1.600000 0.000000
34 1614145873 1.600000 -1.000000 1.600000 1.600000 0.000000
34 1614145872 1.600000 -1.000000 1.600000 1.600000 0.000000
34 1614145871 1.600000 -1.000000 1.600000 1.600000 0.000000
34 1614145870 1.600000 -1.000000 1.600000 1.600000 0.000000
34 1614145864 0.800000 -1.000000 0.800000 0.800000 0.000000
34 1614145863 0.800000 -1.000000 0.800000 0.800000 0.000000
34 1614145862 0.800000 -1.000000 0.800000 0.800000 0.000000
34 1614145861 0.800000 -1.000000 0.800000 0.800000 0.000000
34 1614145860 0.800000 -1.000000 0.800000 0.800000 0.000000
34 1614145859 0.200000 -1.000000 0.200000 0.200000 0.000000
34 1614145858 0.200000 -1.000000 0.200000 0.200000 0.000000
34 1614145857 0.200000 -1.000000 0.200000 0.200000 0.000000
34 1614145856 0.200000 -1.000000 0.200000 0.200000 0.000000
34 1614145855 0.200000 -1.000000 0.200000 0.200000 0.000000
34 1614145854 1.400000 -1.000000 1.400000 1.400000 0.000000
34 1614145853 1.400000 -1.000000 1.400000 1.400000 0.000000
34 1614145852 1.400000 -1.000000 1.400000 1.400000 0.000000
34 1614145851 1.400000 -1.000000 1.400000 1.400000 0.000000
34 1614145850 1.400000 -1.000000 1.400000 1.400000 0.000000
34 1614145849 0.400000 -1.000000 0.400000 0.400000 0.000000
34 1614145848 0.400000 -1.000000 0.400000 0.400000 0.000000
34 1614145847 0.400000 -1.000000 0.400000 0.400000 0.000000
34 1614145846 0.400000 -1.000000 0.400000 0.400000 0.000000
34 1614145845 0.400000 -1.000000 0.400000 0.400000 0.000000
34 1614145844 3.400000 -1.000000 3.400000 3.400000 0.000000
34 1614145843 3.400000 -1.000000 3.400000 3.400000 0.000000
34 1614145842 3.400000 -1.000000 3.400000 3.400000 0.000000
34 1614145841 3.400000 -1.000000 3.400000 3.400000 0.000000
34 1614145840 3.400000 -1.000000 3.400000 3.400000 0.000000
34 1614145839 7.800000 -1.000000 7.800000 7.800000 0.000000
34 1614145838 7.800000 -1.000000 7.800000 7.800000 0.000000
34 1614145837 7.800000 -1.000000 7.800000 7.800000 0.000000
34 1614145836 7.800000 -1.000000 7.800000 7.800000 0.000000
34 1614145835 7.800000 -1.000000 7.800000 7.800000 0.000000
34 1614145834 2.800000 -1.000000 2.800000 2.800000 0.000000
34 1614145833 2.800000 -1.000000 2.800000 2.800000 0.000000
34 1614145832 2.800000 -1.000000 2.800000 2.800000 0.000000
34 1614145831 2.800000 -1.000000 2.800000 2.800000 0.000000
34 1614145830 2.800000 -1.000000 2.800000 2.800000 0.000000
34 1614145829 3.600000 -1.000000 3.600000 3.600000 0.000000
34 1614145828 3.600000 -1.000000 3.600000 3.600000 0.000000
34 1614145827 3.600000 -1.000000 3.600000 3.600000 0.000000
34 1614145826 3.600000 -1.000000 3.600000 3.600000 0.000000
34 1614145825 3.600000 -1.000000 3.600000 3.600000 0.000000
34 1614145824 3.600000 -1.000000 3.600000 3.600000 0.000000
34 1614145823 3.600000 -1.000000 3.600000 3.600000 0.000000
34 1614145822 3.600000 -1.000000 3.600000 3.600000 0.000000
34 1614145821 3.600000 -1.000000 3.600000 3.600000 0.000000
34 1614145820 3.600000 -1.000000 3.600000 3.600000 0.000000
34 1614145819 5.800000 -1.000000 5.800000 5.800000 0.000000
34 1614145818 5.800000 -1.000000 5.800000 5.800000 0.000000
34 1614145817 5.800000 -1.000000 5.800000 5.800000 0.000000
34 1614145816 5.800000 -1.000000 5.800000 5.800000 0.000000
24 1614145814 0.200000 -1.000000 0.200000 0.200000 0.000000
24 1614145813 0.200000 -1.000000 0.200000 0.200000 0.000000
24 1614145812 0.200000 -1.000000 0.200000 0.200000 0.000000
24 1614145811 0.200000 -1.000000 0.200000 0.200000 0.000000
24 1614145810 0.200000 -1.000000 0.200000 0.200000 0.000000
24 1614145809 0.400000 -1.000000 0.400000 0.400000 0.000000
24 1614145808 0.400000 -1.000000 0.400000 0.400000 0.000000
24 1614145807 0.400000 -1.000000 0.400000 0.400000 0.000000
24 1614145806 0.400000 -1.000000 0.400000 0.400000 0.000000
24 1614145805 0.400000 -1.000000 0.400000 0.400000 0.000000
24 1614145804 0.200000 -1.000000 0.200000 0.200000 0.000000
24 1614145803 0.200000 -1.000000 0.200000 0.200000 0.000000
24 1614145802 0.200000 -1.000000 0.200000 0.200000 0.000000
24 1614145801 0.200000 -1.000000 0.200000 0.200000 0.000000
24 1614145800 0.200000 -1.000000 0.200000 0.200000 0.000000
24 1614145789 0.200000 -1.000000 0.200000 0.200000 0.000000
24 1614145788 0.200000 -1.000000 0.200000 0.200000 0.000000
24 1614145787 0.200000 -1.000000 0.200000 0.200000 0.000000
24 1614145786 0.200000 -1.000000 0.200000 0.200000 0.000000
24 1614145785 0.200000 -1.000000 0.200000 0.200000 0.000000
24 1614145779 1.000000 -1.000000 1.000000 1.000000 0.000000
24 1614145778 1.000000 -1.000000 1.000000 1.000000 0.000000
24 1614145777 1.000000 -1.000000 1.000000 1.000000 0.000000
24 1614145776 1.000000 -1.000000 1.000000 1.000000 0.000000
24 1614145775 1.000000 -1.000000 1.000000 1.000000 0.000000
24 1614145774 0.400000 -1.000000 0.400000 0.400000 0.000000
24 1614145773 0.400000 -1.000000 0.400000 0.400000 0.000000
24 1614145772 0.400000 -1.000000 0.400000 0.400000 0.000000
24 1614145771 0.400000 -1.000000 0.400000 0.400000 0.000000
24 1614145770 0.400000 -1.000000 0.400000 0.400000 0.000000
24 1614145764 0.200000 -1.000000 0.200000 0.200000 0.000000
24 1614145763 0.200000 -1.000000 0.200000 0.200000 0.000000
24 1614145762 0.200000 -1.000000 0.200000 0.200000 0.000000
24 1614145761 0.200000 -1.000000 0.200000 0.200000 0.000000
24 1614145760 0.200000 -1.000000 0.200000 0.200000 0.000000
24 1614145759 0.200000 -1.000000 0.200000 0.200000 0.000000
24 1614145758 0.200000 -1.000000 0.200000 0.200000 0.000000
