30 1614145420 14.000000 -1.000000 -101.000000 0.000000 0.000000
30 1614145421 14.000000 -1.000000 -101.000000 0.000000 0.000000
33 1614145420 4.200000 -1.000000 -101.000000 0.000000 0.000000
33 1614145421 4.200000 -1.000000 -101.000000 0.000000 0.000000
30 1614145422 14.000000 -1.000000 -101.000000 0.000000 0.000000
30 1614145423 14.000000 -1.000000 -101.000000 0.000000 0.000000
30 1614145424 14.000000 -1.000000 -101.000000 0.000000 0.000000
30 1614145425 12.600000 -1.000000 -101.000000 0.000000 0.000000
30 1614145426 12.600000 -1.000000 -101.000000 0.000000 0.000000
33 1614145422 4.200000 -1.000000 -101.000000 0.000000 0.000000
33 1614145423 4.200000 -1.000000 -101.000000 0.000000 0.000000
33 1614145424 4.200000 -1.000000 -101.000000 0.000000 0.000000
33 1614145425 4.200000 -1.000000 -101.000000 0.000000 0.000000
33 1614145426 4.200000 -1.000000 -101.000000 0.000000 0.000000
30 1614145427 12.600000 -1.000000 -101.000000 0.000000 0.000000
30 1614145428 12.600000 -1.000000 -101.000000 0.000000 0.000000
30 1614145429 12.600000 -1.000000 -101.000000 0.000000 0.000000
30 1614145430 12.600000 -1.000000 -101.000000 0.000000 0.000000
30 1614145431 12.600000 -1.000000 -101.000000 0.000000 0.000000
33 1614145427 4.200000 -1.000000 -101.000000 0.000000 0.000000
33 1614145428 4.200000 -1.000000 -101.000000 0.000000 0.000000
33 1614145429 4.200000 -1.000000 -101.000000 0.000000 0.000000
33 1614145430 4.200000 -1.000000 -101.000000 0.000000 0.000000
33 1614145431 4.200000 -1.000000 -101.000000 0.000000 0.000000
30 1614145432 12.600000 -1.000000 -101.000000 0.000000 0.000000
30 1614145433 12.600000 -1.000000 -101.000000 0.000000 0.000000
30 1614145434 12.600000 -1.000000 -101.000000 0.000000 0.000000
30 1614145435 12.600000 -1.000000 -101.000000 0.000000 0.000000
30 1614145436 12.600000 -1.000000 -101.000000 0.000000 0.000000
33 1614145432 4.200000 -1.000000 -101.000000 0.000000 0.000000
33 1614145433 4.200000 -1.000000 -101.000000 0.000000 0.000000
33 1614145434 4.200000 -1.000000 -101.000000 0.000000 0.000000
33 1614145435 4.200000 -1.000000 -101.000000 0.000000 0.000000
33 1614145436 4.200000 -1.000000 -101.000000 0.000000 0.000000
30 1614145437 12.600000 -1.000000 -101.000000 0.000000 0.000000
30 1614145438 12.600000 -1.000000 -101.000000 0.000000 0.000000
30 1614145439 12.600000 -1.000000 -101.000000 0.000000 0.000000
30 1614145440 21.000000 -1.000000 -101.000000 0.000000 0.000000
30 1614145441 21.000000 -1.000000 -101.000000 0.000000 0.000000
33 1614145437 4.200000 -1.000000 -101.000000 0.000000 0.000000
33 1614145438 4.200000 -1.000000 -101.000000 0.000000 0.000000
33 1614145439 4.200000 -1.000000 -101.000000 0.000000 0.000000
33 1614145440 11.200000 -1.000000 -101.000000 0.000000 0.000000
33 1614145441 11.200000 -1.000000 -101.000000 0.000000 0.000000
30 1614145442 21.000000 -1.000000 -101.000000 0.000000 0.000000
30 1614145443 21.000000 -1.000000 -101.000000 0.000000 0.000000
30 1614145444 21.000000 -1.000000 -101.000000 0.000000 0.000000
30 1614145445 17.400000 -1.000000 -101.000000 0.000000 0.000000
30 1614145446 17.400000 -1.000000 -101.000000 0.000000 0.000000
33 1614145442 11.200000 -1.000000 -101.000000 0.000000 0.000000
33 1614145443 11.200000 -1.000000 -101.000000 0.000000 0.000000
33 1614145444 11.200000 -1.000000 -101.000000 0.000000 0.000000
33 1614145445 10.400000 -1.000000 -101.000000 0.000000 0.000000
33 1614145446 10.400000 -1.000000 -101.000000 0.000000 0.000000
30 1614145447 17.400000 -1.000000 -101.000000 0.000000 0.000000
30 1614145448 17.400000 -1.000000 -101.000000 0.000000 0.000000
30 1614145449 17.400000 -1.000000 -101.000000 0.000000 0.000000
30 1614145450 15.000000 -1.000000 -101.000000 0.000000 0.000000
30 1614145451 15.000000 -1.000000 -101.000000 0.000000 0.000000
33 1614145447 10.400000 -1.000000 -101.000000 0.000000 0.000000
33 1614145448 10.400000 -1.000000 -101.000000 0.000000 0.000000
33 1614145449 10.400000 -1.000000 -101.000000 0.000000 0.000000
33 1614145450 11.200000 -1.000000 -101.000000 0.000000 0.000000
33 1614145451 11.200000 -1.000000 -101.000000 0.000000 0.000000
30 1614145452 15.000000 -1.000000 -101.000000 0.000000 0.000000
30 1614145453 15.000000 -1.000000 -101.000000 0.000000 0.000000
30 1614145454 15.000000 -1.000000 -101.000000 0.000000 0.000000
30 1614145455 17.200000 -1.000000 -101.000000 0.000000 0.000000
30 1614145456 17.200000 -1.000000 -101.000000 0.000000 0.000000
33 1614145452 11.200000 -1.000000 -101.000000 0.000000 0.000000
33 1614145453 11.200000 -1.000000 -101.000000 0.000000 0.000000
33 1614145454 11.200000 -1.000000 -101.000000 0.000000 0.000000
33 1614145455 24.000000 -1.000000 -101.000000 0.000000 0.000000
33 1614145456 24.000000 -1.000000 -101.000000 0.000000 0.000000
30 1614145457 17.200000 -1.000000 -101.000000 0.000000 0.000000
30 1614145458 17.200000 -1.000000 -101.000000 0.000000 0.000000
30 1614145459 17.200000 -1.000000 -101.000000 0.000000 0.000000
30 1614145460 8.000000 -1.000000 -101.000000 0.000000 0.000000
30 1614145461 8.000000 -1.000000 -101.000000 0.000000 0.000000
33 1614145457 24.000000 -1.000000 -101.000000 0.000000 0.000000
33 1614145458 24.000000 -1.000000 -101.000000 0.000000 0.000000
33 1614145459 24.000000 -1.000000 -101.000000 0.000000 0.000000
33 1614145460 10.800000 -1.000000 -101.000000 0.000000 0.000000
33 1614145461 10.800000 -1.000000 -101.000000 0.000000 0.000000
30 1614145462 8.000000 -1.000000 -101.000000 0.000000 0.000000
30 1614145463 8.000000 -1.000000 -101.000000 0.000000 0.000000
30 1614145464 8.000000 -1.000000 -101.000000 0.000000 0.000000
30 1614145465 10.800000 -1.000000 -101.000000 0.000000 0.000000
30 1614145466 10.800000 -1.000000 -101.000000 0.000000 0.000000
33 1614145462 10.800000 -1.000000 -101.000000 0.000000 0.000000
33 1614145463 10.800000 -1.000000 -101.000000 0.000000 0.000000
33 1614145464 10.800000 -1.000000 -101.000000 0.000000 0.000000
33 1614145465 8.200000 -1.000000 -101.000000 0.000000 0.000000
33 1614145466 8.200000 -1.000000 -101.000000 0.000000 0.000000
30 1614145467 10.800000 -1.000000 -101.000000 0.000000 0.000000
30 1614145468 10.800000 -1.000000 -101.000000 0.000000 0.000000
30 1614145469 10.800000 -1.000000 -101.000000 0.000000 0.000000
30 1614145470 10.400000 -1.000000 -101.000000 0.000000 0.000000
30 1614145471 10.400000 -1.000000 -101.000000 0.000000 0.000000
33 1614145467 8.200000 -1.000000 -101.000000 0.000000 0.000000
33 1614145468 8.200000 -1.000000 -101.000000 0.000000 0.000000
33 1614145469 8.200000 -1.000000 -101.000000 0.000000 0.000000
33 1614145470 17.600000 -1.000000 -101.000000 0.000000 0.000000
33 1614145471 17.600000 -1.000000 -101.000000 0.000000 0.000000
30 1614145472 10.400000 -1.000000 -101.000000 0.000000 0.000000
30 1614145473 10.400000 -1.000000 -101.000000 0.000000 0.000000
30 1614145474 10.400000 -1.000000 -101.000000 0.000000 0.000000
30 1614145475 5.800000 -1.000000 -101.000000 0.000000 0.000000
30 1614145476 5.800000 -1.000000 -101.000000 0.000000 0.000000
33 1614145472 17.600000 -1.000000 -101.000000 0.000000 0.000000
33 1614145473 17.600000 -1.000000 -101.000000 0.000000 0.000000
33 1614145474 17.600000 -1.000000 -101.000000 0.000000 0.000000
33 1614145475 4.600000 -1.000000 -101.000000 0.000000 0.000000
33 1614145476 4.600000 -1.000000 -101.000000 0.000000 0.000000
30 1614145477 5.800000 -1.000000 -101.000000 0.000000 0.000000
30 1614145478 5.800000 -1.000000 -101.000000 0.000000 0.000000
30 1614145479 5.800000 -1.000000 -101.000000 0.000000 0.000000
30 1614145480 7.200000 -1.000000 -101.000000 0.000000 0.000000
30 1614145481 7.200000 -1.000000 -101.000000 0.000000 0.000000
33 1614145477 4.600000 -1.000000 -101.000000 0.000000 0.000000
33 1614145478 4.600000 -1.000000 -101.000000 0.000000 0.000000
33 1614145479 4.600000 -1.000000 -101.000000 0.000000 0.000000
33 1614145480 11.200000 -1.000000 -101.000000 0.000000 0.000000
33 1614145481 11.200000 -1.000000 -101.000000 0.000000 0.000000
30 1614145482 7.200000 -1.000000 -101.000000 0.000000 0.000000
30 1614145483 7.200000 -1.000000 -101.000000 0.000000 0.000000
30 1614145484 7.200000 -1.000000 -101.000000 0.000000 0.000000
30 1614145485 3.400000 -1.000000 -101.000000 0.000000 0.000000
30 1614145486 3.400000 -1.000000 -101.000000 0.000000 0.000000
33 1614145482 11.200000 -1.000000 -101.000000 0.000000 0.000000
33 1614145483 11.200000 -1.000000 -101.000000 0.000000 0.000000
33 1614145484 11.200000 -1.000000 -101.000000 0.000000 0.000000
33 1614145485 6.400000 -1.000000 -101.000000 0.000000 0.000000
33 1614145486 6.400000 -1.000000 -101.000000 0.000000 0.000000
30 1614145487 3.400000 -1.000000 -101.000000 0.000000 0.000000
30 1614145488 3.400000 -1.000000 -101.000000 0.000000 0.000000
30 1614145489 3.400000 -1.000000 -101.000000 0.000000 0.000000
30 1614145490 7.800000 -1.000000 -101.000000 0.000000 0.000000
30 1614145491 7.800000 -1.000000 -101.000000 0.000000 0.000000
33 1614145487 6.400000 -1.000000 -101.000000 0.000000 0.000000
33 1614145488 6.400000 -1.000000 -101.000000 0.000000 0.000000
33 1614145489 6.400000 -1.000000 -101.000000 0.000000 0.000000
33 1614145490 14.600000 -1.000000 -101.000000 0.000000 0.000000
33 1614145491 14.600000 -1.000000 -101.000000 0.000000 0.000000
30 1614145492 7.800000 -1.000000 -101.000000 0.000000 0.000000
30 1614145493 7.800000 -1.000000 -101.000000 0.000000 0.000000
30 1614145494 7.800000 -1.000000 -101.000000 0.000000 0.000000
30 1614145495 13.800000 -1.000000 -101.000000 0.000000 0.000000
30 1614145496 13.800000 -1.000000 -101.000000 0.000000 0.000000
33 1614145492 14.600000 -1.000000 -101.000000 0.000000 0.000000
33 1614145493 14.600000 -1.000000 -101.000000 0.000000 0.000000
33 1614145494 14.600000 -1.000000 -101.000000 0.000000 0.000000
33 1614145495 10.600000 -1.000000 -101.000000 0.000000 0.000000
33 1614145496 10.600000 -1.000000 -101.000000 0.000000 0.000000
30 1614145497 13.800000 -1.000000 -101.000000 0.000000 0.000000
30 1614145498 13.800000 -1.000000 -101.000000 0.000000 0.000000
30 1614145499 13.800000 -1.000000 -101.000000 0.000000 0.000000
30 1614145500 2.200000 -1.000000 -101.000000 0.000000 0.000000
30 1614145501 2.200000 -1.000000 -101.000000 0.000000 0.000000
33 1614145497 10.600000 -1.000000 -101.000000 0.000000 0.000000
33 1614145498 10.600000 -1.000000 -101.000000 0.000000 0.000000
33 1614145499 10.600000 -1.000000 -101.000000 0.000000 0.000000
33 1614145500 7.000000 -1.000000 -101.000000 0.000000 0.000000
33 1614145501 7.000000 -1.000000 -101.000000 0.000000 0.000000
30 1614145502 2.200000 -1.000000 -101.000000 0.000000 0.000000
30 1614145503 2.200000 -1.000000 -101.000000 0.000000 0.000000
30 1614145504 2.200000 -1.000000 -101.000000 0.000000 0.000000
30 1614145505 1.800000 -1.000000 -101.000000 0.000000 0.000000
30 1614145506 1.800000 -1.000000 -101.000000 0.000000 0.000000
33 1614145502 7.000000 -1.000000 -101.000000 0.000000 0.000000
33 1614145503 7.000000 -1.000000 -101.000000 0.000000 0.000000
33 1614145504 7.000000 -1.000000 -101.000000 0.000000 0.000000
33 1614145505 2.800000 -1.000000 -101.000000 0.000000 0.000000
33 1614145506 2.800000 -1.000000 -101.000000 0.000000 0.000000
30 1614145507 1.800000 -1.000000 -101.000000 0.000000 0.000000
30 1614145508 1.800000 -1.000000 -101.000000 0.000000 0.000000
30 1614145509 1.800000 -1.000000 -101.000000 0.000000 0.000000
30 1614145510 12.800000 -1.000000 -101.000000 0.000000 0.000000
30 1614145511 12.800000 -1.000000 -101.000000 0.000000 0.000000
33 1614145507 2.800000 -1.000000 -101.000000 0.000000 0.000000
33 1614145508 2.800000 -1.000000 -101.000000 0.000000 0.000000
33 1614145509 2.800000 -1.000000 -101.000000 0.000000 0.000000
33 1614145510 10.000000 -1.000000 -101.000000 0.000000 0.000000
33 1614145511 10.000000 -1.000000 -101.000000 0.000000 0.000000
30 1614145512 12.800000 -1.000000 -101.000000 0.000000 0.000000
30 1614145513 12.800000 -1.000000 -101.000000 0.000000 0.000000
30 1614145514 12.800000 -1.000000 -101.000000 0.000000 0.000000
30 1614145515 21.800000 -1.000000 -101.000000 0.000000 0.000000
30 1614145516 21.800000 -1.000000 -101.000000 0.000000 0.000000
33 1614145512 10.000000 -1.000000 -101.000000 0.000000 0.000000
33 1614145513 10.000000 -1.000000 -101.000000 0.000000 0.000000
33 1614145514 10.000000 -1.000000 -101.000000 0.000000 0.000000
33 1614145515 12.800000 -1.000000 -101.000000 0.000000 0.000000
33 1614145516 12.800000 -1.000000 -101.000000 0.000000 0.000000
30 1614145517 21.800000 -1.000000 -101.000000 0.000000 0.000000
30 1614145518 21.800000 -1.000000 -101.000000 0.000000 0.000000
30 1614145519 21.800000 -1.000000 -101.000000 0.000000 0.000000
30 1614145520 13.400000 -1.000000 -101.000000 0.000000 0.000000
30 1614145521 13.400000 -1.000000 -101.000000 0.000000 0.000000
33 1614145517 12.800000 -1.000000 -101.000000 0.000000 0.000000
33 1614145518 12.800000 -1.000000 -101.000000 0.000000 0.000000
33 1614145519 12.800000 -1.000000 -101.000000 0.000000 0.000000
33 1614145520 11.200000 -1.000000 -101.000000 0.000000 0.000000
33 1614145521 11.200000 -1.000000 -101.000000 0.000000 0.000000
30 1614145522 13.400000 -1.000000 -101.000000 0.000000 0.000000
30 1614145523 13.400000 -1.000000 -101.000000 0.000000 0.000000
30 1614145524 13.400000 -1.000000 -101.000000 0.000000 0.000000
30 1614145525 13.000000 -1.000000 -101.000000 0.000000 0.000000
30 1614145526 13.000000 -1.000000 -101.000000 0.000000 0.000000
33 1614145522 11.200000 -1.000000 -101.000000 0.000000 0.000000
33 1614145523 11.200000 -1.000000 -101.000000 0.000000 0.000000
33 1614145524 11.200000 -1.000000 -101.000000 0.000000 0.000000
33 1614145525 9.200000 -1.000000 -101.000000 0.000000 0.000000
33 1614145526 9.200000 -1.000000 -101.000000 0.000000 0.000000
30 1614145527 13.000000 -1.000000 -101.000000 0.000000 0.000000
30 1614145528 13.000000 -1.000000 -101.000000 0.000000 0.000000
30 1614145529 13.000000 -1.000000 -101.000000 0.000000 0.000000
30 1614145530 20.400000 -1.000000 -101.000000 0.000000 0.000000
30 1614145531 20.400000 -1.000000 -101.000000 0.000000 0.000000
33 1614145527 9.200000 -1.000000 -101.000000 0.000000 0.000000
33 1614145528 9.200000 -1.000000 -101.000000 0.000000 0.000000
33 1614145529 9.200000 -1.000000 -101.000000 0.000000 0.000000
33 1614145530 11.000000 -1.000000 -101.000000 0.000000 0.000000
33 1614145531 11.000000 -1.000000 -101.000000 0.000000 0.000000
30 1614145532 20.400000 -1.000000 -101.000000 0.000000 0.000000
30 1614145533 20.400000 -1.000000 -101.000000 0.000000 0.000000
30 1614145534 20.400000 -1.000000 -101.000000 0.000000 0.000000
30 1614145535 14.200000 -1.000000 -101.000000 0.000000 0.000000
30 1614145536 14.200000 -1.000000 -101.000000 0.000000 0.000000
33 1614145532 11.000000 -1.000000 -101.000000 0.000000 0.000000
33 1614145533 11.000000 -1.000000 -101.000000 0.000000 0.000000
33 1614145534 11.000000 -1.000000 -101.000000 0.000000 0.000000
33 1614145535 15.000000 -1.000000 -101.000000 0.000000 0.000000
33 1614145536 15.000000 -1.000000 -101.000000 0.000000 0.000000
30 1614145537 14.200000 -1.000000 -101.000000 0.000000 0.000000
30 1614145538 14.200000 -1.000000 -101.000000 0.000000 0.000000
30 1614145539 14.200000 -1.000000 -101.000000 0.000000 0.000000
30 1614145540 13.600000 -1.000000 -101.000000 0.000000 0.000000
30 1614145541 13.600000 -1.000000 -101.000000 0.000000 0.000000
33 1614145537 15.000000 -1.000000 -101.000000 0.000000 0.000000
33 1614145538 15.000000 -1.000000 -101.000000 0.000000 0.000000
33 1614145539 15.000000 -1.000000 -101.000000 0.000000 0.000000
33 1614145540 12.200000 -1.000000 -101.000000 0.000000 0.000000
33 1614145541 12.200000 -1.000000 -101.000000 0.000000 0.000000
30 1614145542 13.600000 -1.000000 -101.000000 0.000000 0.000000
30 1614145543 13.600000 -1.000000 -101.000000 0.000000 0.000000
30 1614145544 13.600000 -1.000000 -101.000000 0.000000 0.000000
30 1614145545 8.400000 -1.000000 -101.000000 0.000000 0.000000
30 1614145546 8.400000 -1.000000 -101.000000 0.000000 0.000000
33 1614145542 12.200000 -1.000000 -101.000000 0.000000 0.000000
33 1614145543 12.200000 -1.000000 -101.000000 0.000000 0.000000
33 1614145544 12.200000 -1.000000 -101.000000 0.000000 0.000000
33 1614145545 9.200000 -1.000000 -101.000000 0.000000 0.000000
33 1614145546 9.200000 -1.000000 -101.000000 0.000000 0.000000
30 1614145547 8.400000 -1.000000 -101.000000 0.000000 0.000000
30 1614145548 8.400000 -1.000000 -101.000000 0.000000 0.000000
30 1614145549 8.400000 -1.000000 -101.000000 0.000000 0.000000
30 1614145550 7.800000 -1.000000 -101.000000 0.000000 0.000000
30 1614145551 7.800000 -1.000000 -101.000000 0.000000 0.000000
33 1614145547 9.200000 -1.000000 -101.000000 0.000000 0.000000
33 1614145548 9.200000 -1.000000 -101.000000 0.000000 0.000000
33 1614145549 9.200000 -1.000000 -101.000000 0.000000 0.000000
33 1614145550 10.600000 -1.000000 -101.000000 0.000000 0.000000
33 1614145551 10.600000 -1.000000 -101.000000 0.000000 0.000000
30 1614145552 7.800000 -1.000000 -101.000000 0.000000 0.000000
30 1614145553 7.800000 -1.000000 -101.000000 0.000000 0.000000
30 1614145554 7.800000 -1.000000 -101.000000 0.000000 0.000000
30 1614145555 11.600000 -1.000000 -101.000000 0.000000 0.000000
30 1614145556 11.600000 -1.000000 -101.000000 0.000000 0.000000
33 1614145552 10.600000 -1.000000 -101.000000 0.000000 0.000000
33 1614145553 10.600000 -1.000000 -101.000000 0.000000 0.000000
33 1614145554 10.600000 -1.000000 -101.000000 0.000000 0.000000
33 1614145555 14.800000 -1.000000 -101.000000 0.000000 0.000000
33 1614145556 14.800000 -1.000000 -101.000000 0.000000 0.000000
30 1614145557 11.600000 -1.000000 -101.000000 0.000000 0.000000
30 1614145558 11.600000 -1.000000 -101.000000 0.000000 0.000000
30 1614145559 11.600000 -1.000000 -101.000000 0.000000 0.000000
30 1614145560 6.200000 -1.000000 -101.000000 0.000000 0.000000
30 1614145561 6.200000 -1.000000 -101.000000 0.000000 0.000000
33 1614145557 14.800000 -1.000000 -101.000000 0.000000 0.000000
33 1614145558 14.800000 -1.000000 -101.000000 0.000000 0.000000
33 1614145559 14.800000 -1.000000 -101.000000 0.000000 0.000000
33 1614145560 6.400000 -1.000000 -101.000000 0.000000 0.000000
33 1614145561 6.400000 -1.000000 -101.000000 0.000000 0.000000
30 1614145562 6.200000 -1.000000 -101.000000 0.000000 0.000000
30 1614145563 6.200000 -1.000000 -101.000000 0.000000 0.000000
30 1614145564 6.200000 -1.000000 -101.000000 0.000000 0.000000
30 1614145565 12.800000 -1.000000 -101.000000 0.000000 0.000000
30 1614145566 12.800000 -1.000000 -101.000000 0.000000 0.000000
33 1614145562 6.400000 -1.000000 -101.000000 0.000000 0.000000
33 1614145563 6.400000 -1.000000 -101.000000 0.000000 0.000000
33 1614145564 6.400000 -1.000000 -101.000000 0.000000 0.000000
33 1614145565 17.200000 -1.000000 -101.000000 0.000000 0.000000
33 1614145566 17.200000 -1.000000 -101.000000 0.000000 0.000000
30 1614145567 12.800000 -1.000000 -101.000000 0.000000 0.000000
30 1614145568 12.800000 -1.000000 -101.000000 0.000000 0.000000
30 1614145569 12.800000 -1.000000 -101.000000 0.000000 0.000000
30 1614145570 13.200000 -1.000000 -101.000000 0.000000 0.000000
30 1614145571 13.200000 -1.000000 -101.000000 0.000000 0.000000
33 1614145567 17.200000 -1.000000 -101.000000 0.000000 0.000000
33 1614145568 17.200000 -1.000000 -101.000000 0.000000 0.000000
33 1614145569 17.200000 -1.000000 -101.000000 0.000000 0.000000
33 1614145570 17.600000 -1.000000 -101.000000 0.000000 0.000000
33 1614145571 17.600000 -1.000000 -101.000000 0.000000 0.000000
30 1614145572 13.200000 -1.000000 -101.000000 0.000000 0.000000
30 1614145573 13.200000 -1.000000 -101.000000 0.000000 0.000000
30 1614145574 13.200000 -1.000000 -101.000000 0.000000 0.000000
30 1614145575 3.600000 -1.000000 -101.000000 0.000000 0.000000
30 1614145576 3.600000 -1.000000 -101.000000 0.000000 0.000000
33 1614145572 17.600000 -1.000000 -101.000000 0.000000 0.000000
33 1614145573 17.600000 -1.000000 -101.000000 0.000000 0.000000
33 1614145574 17.600000 -1.000000 -101.000000 0.000000 0.000000
33 1614145575 5.400000 -1.000000 -101.000000 0.000000 0.000000
33 1614145576 5.400000 -1.000000 -101.000000 0.000000 0.000000
30 1614145577 3.600000 -1.000000 -101.000000 0.000000 0.000000
30 1614145578 3.600000 -1.000000 -101.000000 0.000000 0.000000
30 1614145579 3.600000 -1.000000 -101.000000 0.000000 0.000000
30 1614145580 8.800000 -1.000000 -101.000000 0.000000 0.000000
30 1614145581 8.800000 -1.000000 -101.000000 0.000000 0.000000
33 1614145577 5.400000 -1.000000 -101.000000 0.000000 0.000000
33 1614145578 5.400000 -1.000000 -101.000000 0.000000 0.000000
33 1614145579 5.400000 -1.000000 -101.000000 0.000000 0.000000
33 1614145580 10.600000 -1.000000 -101.000000 0.000000 0.000000
33 1614145581 10.600000 -1.000000 -101.000000 0.000000 0.000000
30 1614145582 8.800000 -1.000000 -101.000000 0.000000 0.000000
30 1614145583 8.800000 -1.000000 -101.000000 0.000000 0.000000
30 1614145584 8.800000 -1.000000 -101.000000 0.000000 0.000000
30 1614145585 14.800000 -1.000000 -101.000000 0.000000 0.000000
30 1614145586 14.800000 -1.000000 -101.000000 0.000000 0.000000
33 1614145582 10.600000 -1.000000 -101.000000 0.000000 0.000000
33 1614145583 10.600000 -1.000000 -101.000000 0.000000 0.000000
33 1614145584 10.600000 -1.000000 -101.000000 0.000000 0.000000
33 1614145585 15.200000 -1.000000 -101.000000 0.000000 0.000000
33 1614145586 15.200000 -1.000000 -101.000000 0.000000 0.000000
30 1614145587 14.800000 -1.000000 -101.000000 0.000000 0.000000
30 1614145588 14.800000 -1.000000 -101.000000 0.000000 0.000000
30 1614145589 14.800000 -1.000000 -101.000000 0.000000 0.000000
30 1614145590 5.200000 -1.000000 -101.000000 0.000000 0.000000
30 1614145591 5.200000 -1.000000 -101.000000 0.000000 0.000000
33 1614145587 15.200000 -1.000000 -101.000000 0.000000 0.000000
33 1614145588 15.200000 -1.000000 -101.000000 0.000000 0.000000
33 1614145589 15.200000 -1.000000 -101.000000 0.000000 0.000000
33 1614145590 6.000000 -1.000000 -101.000000 0.000000 0.000000
33 1614145591 6.000000 -1.000000 -101.000000 0.000000 0.000000
30 1614145592 5.200000 -1.000000 -101.000000 0.000000 0.000000
30 1614145593 5.200000 -1.000000 -101.000000 0.000000 0.000000
30 1614145594 5.200000 -1.000000 -101.000000 0.000000 0.000000
30 1614145595 12.200000 -1.000000 -101.000000 0.000000 0.000000
30 1614145596 12.200000 -1.000000 -101.000000 0.000000 0.000000
33 1614145592 6.000000 -1.000000 -101.000000 0.000000 0.000000
33 1614145593 6.000000 -1.000000 -101.000000 0.000000 0.000000
33 1614145594 6.000000 -1.000000 -101.000000 0.000000 0.000000
33 1614145595 11.400000 -1.000000 -101.000000 0.000000 0.000000
33 1614145596 11.400000 -1.000000 -101.000000 0.000000 0.000000
30 1614145597 12.200000 -1.000000 -101.000000 0.000000 0.000000
30 1614145598 12.200000 -1.000000 -101.000000 0.000000 0.000000
30 1614145599 12.200000 -1.000000 -101.000000 0.000000 0.000000
30 1614145600 15.200000 -1.000000 -101.000000 0.000000 0.000000
30 1614145601 15.200000 -1.000000 -101.000000 0.000000 0.000000
33 1614145597 11.400000 -1.000000 -101.000000 0.000000 0.000000
33 1614145598 11.400000 -1.000000 -101.000000 0.000000 0.000000
33 1614145599 11.400000 -1.000000 -101.000000 0.000000 0.000000
33 1614145600 10.400000 -1.000000 -101.000000 0.000000 0.000000
33 1614145601 10.400000 -1.000000 -101.000000 0.000000 0.000000
30 1614145602 15.200000 -1.000000 -101.000000 0.000000 0.000000
30 1614145603 15.200000 -1.000000 -101.000000 0.000000 0.000000
30 1614145604 15.200000 -1.000000 -101.000000 0.000000 0.000000
30 1614145605 5.600000 -1.000000 -101.000000 0.000000 0.000000
30 1614145606 5.600000 -1.000000 -101.000000 0.000000 0.000000
33 1614145602 10.400000 -1.000000 -101.000000 0.000000 0.000000
33 1614145603 10.400000 -1.000000 -101.000000 0.000000 0.000000
33 1614145604 10.400000 -1.000000 -101.000000 0.000000 0.000000
33 1614145605 3.000000 -1.000000 -101.000000 0.000000 0.000000
33 1614145606 3.000000 -1.000000 -101.000000 0.000000 0.000000
30 1614145607 5.600000 -1.000000 -101.000000 0.000000 0.000000
30 1614145608 5.600000 -1.000000 -101.000000 0.000000 0.000000
30 1614145609 5.600000 -1.000000 -101.000000 0.000000 0.000000
30 1614145610 11.200000 -1.000000 -101.000000 0.000000 0.000000
30 1614145611 11.200000 -1.000000 -101.000000 0.000000 0.000000
30 1614145612 11.200000 -1.000000 -101.000000 0.000000 0.000000
33 1614145607 3.000000 -1.000000 -101.000000 0.000000 0.000000
33 1614145608 3.000000 -1.000000 -101.000000 0.000000 0.000000
33 1614145609 3.000000 -1.000000 -101.000000 0.000000 0.000000
33 1614145610 8.000000 -1.000000 -101.000000 0.000000 0.000000
33 1614145611 8.000000 -1.000000 -101.000000 0.000000 0.000000
33 1614145612 8.000000 -1.000000 -101.000000 0.000000 0.000000
30 1614145613 11.200000 -1.000000 -101.000000 0.000000 0.000000
30 1614145614 11.200000 -1.000000 -101.000000 0.000000 0.000000
30 1614145615 21.400000 -1.000000 -101.000000 0.000000 0.000000
30 1614145616 21.400000 -1.000000 -101.000000 0.000000 0.000000
30 1614145617 21.400000 -1.000000 -101.000000 0.000000 0.000000
33 1614145613 8.000000 -1.000000 -101.000000 0.000000 0.000000
33 1614145614 8.000000 -1.000000 -101.000000 0.000000 0.000000
33 1614145615 14.000000 -1.000000 -101.000000 0.000000 0.000000
33 1614145616 14.000000 -1.000000 -101.000000 0.000000 0.000000
33 1614145617 14.000000 -1.000000 -101.000000 0.000000 0.000000
30 1614145618 21.400000 -1.000000 -101.000000 0.000000 0.000000
30 1614145619 21.400000 -1.000000 -101.000000 0.000000 0.000000
30 1614145620 9.600000 -1.000000 -101.000000 0.000000 0.000000
30 1614145621 9.600000 -1.000000 -101.000000 0.000000 0.000000
30 1614145622 9.600000 -1.000000 -101.000000 0.000000 0.000000
33 1614145618 14.000000 -1.000000 -101.000000 0.000000 0.000000
33 1614145619 14.000000 -1.000000 -101.000000 0.000000 0.000000
33 1614145620 10.000000 -1.000000 -101.000000 0.000000 0.000000
33 1614145621 10.000000 -1.000000 -101.000000 0.000000 0.000000
33 1614145622 10.000000 -1.000000 -101.000000 0.000000 0.000000
30 1614145623 9.600000 -1.000000 -101.000000 0.000000 0.000000
30 1614145624 9.600000 -1.000000 -101.000000 0.000000 0.000000
30 1614145625 12.200000 -1.000000 -101.000000 0.000000 0.000000
30 1614145626 12.200000 -1.000000 -101.000000 0.000000 0.000000
30 1614145627 12.200000 -1.000000 -101.000000 0.000000 0.000000
33 1614145623 10.000000 -1.000000 -101.000000 0.000000 0.000000
33 1614145624 10.000000 -1.000000 -101.000000 0.000000 0.000000
33 1614145625 18.200000 -1.000000 -101.000000 0.000000 0.000000
33 1614145626 18.200000 -1.000000 -101.000000 0.000000 0.000000
33 1614145627 18.200000 -1.000000 -101.000000 0.000000 0.000000
30 1614145628 12.200000 -1.000000 -101.000000 0.000000 0.000000
30 1614145629 12.200000 -1.000000 -101.000000 0.000000 0.000000
30 1614145630 10.200000 -1.000000 -101.000000 0.000000 0.000000
30 1614145631 10.200000 -1.000000 -101.000000 0.000000 0.000000
30 1614145632 10.200000 -1.000000 -101.000000 0.000000 0.000000
33 1614145628 18.200000 -1.000000 -101.000000 0.000000 0.000000
33 1614145629 18.200000 -1.000000 -101.000000 0.000000 0.000000
33 1614145630 10.600000 -1.000000 -101.000000 0.000000 0.000000
33 1614145631 10.600000 -1.000000 -101.000000 0.000000 0.000000
33 1614145632 10.600000 -1.000000 -101.000000 0.000000 0.000000
30 1614145633 10.200000 -1.000000 -101.000000 0.000000 0.000000
30 1614145634 10.200000 -1.000000 -101.000000 0.000000 0.000000
30 1614145635 9.800000 -1.000000 -101.000000 0.000000 0.000000
30 1614145636 9.800000 -1.000000 -101.000000 0.000000 0.000000
30 1614145637 9.800000 -1.000000 -101.000000 0.000000 0.000000
33 1614145633 10.600000 -1.000000 -101.000000 0.000000 0.000000
33 1614145634 10.600000 -1.000000 -101.000000 0.000000 0.000000
33 1614145635 13.600000 -1.000000 -101.000000 0.000000 0.000000
33 1614145636 13.600000 -1.000000 -101.000000 0.000000 0.000000
33 1614145637 13.600000 -1.000000 -101.000000 0.000000 0.000000
30 1614145638 9.800000 -1.000000 -101.000000 0.000000 0.000000
30 1614145639 9.800000 -1.000000 -101.000000 0.000000 0.000000
30 1614145640 14.000000 -1.000000 -101.000000 0.000000 0.000000
30 1614145641 14.000000 -1.000000 -101.000000 0.000000 0.000000
30 1614145642 14.000000 -1.000000 -101.000000 0.000000 0.000000
33 1614145638 13.600000 -1.000000 -101.000000 0.000000 0.000000
33 1614145639 13.600000 -1.000000 -101.000000 0.000000 0.000000
33 1614145640 13.400000 -1.000000 -101.000000 0.000000 0.000000
33 1614145641 13.400000 -1.000000 -101.000000 0.000000 0.000000
33 1614145642 13.400000 -1.000000 -101.000000 0.000000 0.000000
30 1614145643 14.000000 -1.000000 -101.000000 0.000000 0.000000
30 1614145644 14.000000 -1.000000 -101.000000 0.000000 0.000000
30 1614145645 15.200000 -1.000000 -101.000000 0.000000 0.000000
30 1614145646 15.200000 -1.000000 -101.000000 0.000000 0.000000
30 1614145647 15.200000 -1.000000 -101.000000 0.000000 0.000000
33 1614145643 13.400000 -1.000000 -101.000000 0.000000 0.000000
33 1614145644 13.400000 -1.000000 -101.000000 0.000000 0.000000
33 1614145645 11.000000 -1.000000 -101.000000 0.000000 0.000000
33 1614145646 11.000000 -1.000000 -101.000000 0.000000 0.000000
33 1614145647 11.000000 -1.000000 -101.000000 0.000000 0.000000
30 1614145648 15.200000 -1.000000 -101.000000 0.000000 0.000000
30 1614145649 15.200000 -1.000000 -101.000000 0.000000 0.000000
30 1614145650 8.800000 -1.000000 -101.000000 0.000000 0.000000
30 1614145651 8.800000 -1.000000 -101.000000 0.000000 0.000000
30 1614145652 8.800000 -1.000000 -101.000000 0.000000 0.000000
33 1614145648 11.000000 -1.000000 -101.000000 0.000000 0.000000
33 1614145649 11.000000 -1.000000 -101.000000 0.000000 0.000000
33 1614145650 8.600000 -1.000000 -101.000000 0.000000 0.000000
33 1614145651 8.600000 -1.000000 -101.000000 0.000000 0.000000
33 1614145652 8.600000 -1.000000 -101.000000 0.000000 0.000000
30 1614145653 8.800000 -1.000000 -101.000000 0.000000 0.000000
30 1614145654 8.800000 -1.000000 -101.000000 0.000000 0.000000
30 1614145655 4.800000 -1.000000 -101.000000 0.000000 0.000000
30 1614145656 4.800000 -1.000000 -101.000000 0.000000 0.000000
30 1614145657 4.800000 -1.000000 -101.000000 0.000000 0.000000
33 1614145653 8.600000 -1.000000 -101.000000 0.000000 0.000000
33 1614145654 8.600000 -1.000000 -101.000000 0.000000 0.000000
33 1614145655 8.000000 -1.000000 -101.000000 0.000000 0.000000
33 1614145656 8.000000 -1.000000 -101.000000 0.000000 0.000000
33 1614145657 8.000000 -1.000000 -101.000000 0.000000 0.000000
30 1614145658 4.800000 -1.000000 -101.000000 0.000000 0.000000
30 1614145659 4.800000 -1.000000 -101.000000 0.000000 0.000000
30 1614145660 9.600000 -1.000000 -101.000000 0.000000 0.000000
30 1614145661 9.600000 -1.000000 -101.000000 0.000000 0.000000
30 1614145662 9.600000 -1.000000 -101.000000 0.000000 0.000000
33 1614145658 8.000000 -1.000000 -101.000000 0.000000 0.000000
33 1614145659 8.000000 -1.000000 -101.000000 0.000000 0.000000
33 1614145660 13.800000 -1.000000 -101.000000 0.000000 0.000000
33 1614145661 13.800000 -1.000000 -101.000000 0.000000 0.000000
33 1614145662 13.800000 -1.000000 -101.000000 0.000000 0.000000
30 1614145663 9.600000 -1.000000 -101.000000 0.000000 0.000000
30 1614145664 9.600000 -1.000000 -101.000000 0.000000 0.000000
30 1614145665 9.600000 -1.000000 -101.000000 0.000000 0.000000
30 1614145666 9.600000 -1.000000 -101.000000 0.000000 0.000000
30 1614145667 9.600000 -1.000000 -101.000000 0.000000 0.000000
33 1614145663 13.800000 -1.000000 -101.000000 0.000000 0.000000
33 1614145664 13.800000 -1.000000 -101.000000 0.000000 0.000000
33 1614145665 6.200000 -1.000000 -101.000000 0.000000 0.000000
33 1614145666 6.200000 -1.000000 -101.000000 0.000000 0.000000
33 1614145667 6.200000 -1.000000 -101.000000 0.000000 0.000000
30 1614145668 9.600000 -1.000000 -101.000000 0.000000 0.000000
30 1614145669 9.600000 -1.000000 -101.000000 0.000000 0.000000
30 1614145670 6.400000 -1.000000 -101.000000 0.000000 0.000000
30 1614145671 6.400000 -1.000000 -101.000000 0.000000 0.000000
30 1614145672 6.400000 -1.000000 -101.000000 0.000000 0.000000
33 1614145668 6.200000 -1.000000 -101.000000 0.000000 0.000000
33 1614145669 6.200000 -1.000000 -101.000000 0.000000 0.000000
33 1614145670 10.200000 -1.000000 -101.000000 0.000000 0.000000
33 1614145671 10.200000 -1.000000 -101.000000 0.000000 0.000000
33 1614145672 10.200000 -1.000000 -101.000000 0.000000 0.000000
30 1614145673 6.400000 -1.000000 -101.000000 0.000000 0.000000
30 1614145674 6.400000 -1.000000 -101.000000 0.000000 0.000000
30 1614145675 5.800000 -1.000000 -101.000000 0.000000 0.000000
30 1614145676 5.800000 -1.000000 -101.000000 0.000000 0.000000
30 1614145677 5.800000 -1.000000 -101.000000 0.000000 0.000000
33 1614145673 10.200000 -1.000000 -101.000000 0.000000 0.000000
33 1614145674 10.200000 -1.000000 -101.000000 0.000000 0.000000
33 1614145675 7.000000 -1.000000 -101.000000 0.000000 0.000000
33 1614145676 7.000000 -1.000000 -101.000000 0.000000 0.000000
33 1614145677 7.000000 -1.000000 -101.000000 0.000000 0.000000
30 1614145678 5.800000 -1.000000 -101.000000 0.000000 0.000000
30 1614145679 5.800000 -1.000000 -101.000000 0.000000 0.000000
30 1614145680 10.800000 -1.000000 -101.000000 0.000000 0.000000
30 1614145681 10.800000 -1.000000 -101.000000 0.000000 0.000000
30 1614145682 10.800000 -1.000000 -101.000000 0.000000 0.000000
33 1614145678 7.000000 -1.000000 -101.000000 0.000000 0.000000
33 1614145679 7.000000 -1.000000 -101.000000 0.000000 0.000000
33 1614145680 12.400000 -1.000000 -101.000000 0.000000 0.000000
33 1614145681 12.400000 -1.000000 -101.000000 0.000000 0.000000
33 1614145682 12.400000 -1.000000 -101.000000 0.000000 0.000000
30 1614145683 10.800000 -1.000000 -101.000000 0.000000 0.000000
30 1614145684 10.800000 -1.000000 -101.000000 0.000000 0.000000
30 1614145685 14.400000 -1.000000 -101.000000 0.000000 0.000000
30 1614145686 14.400000 -1.000000 -101.000000 0.000000 0.000000
30 1614145687 14.400000 -1.000000 -101.000000 0.000000 0.000000
33 1614145683 12.400000 -1.000000 -101.000000 0.000000 0.000000
33 1614145684 12.400000 -1.000000 -101.000000 0.000000 0.000000
33 1614145685 15.400000 -1.000000 -101.000000 0.000000 0.000000
33 1614145686 15.400000 -1.000000 -101.000000 0.000000 0.000000
33 1614145687 15.400000 -1.000000 -101.000000 0.000000 0.000000
30 1614145688 14.400000 -1.000000 -101.000000 0.000000 0.000000
30 1614145689 14.400000 -1.000000 -101.000000 0.000000 0.000000
30 1614145690 6.400000 -1.000000 -101.000000 0.000000 0.000000
30 1614145691 6.400000 -1.000000 -101.000000 0.000000 0.000000
30 1614145692 6.400000 -1.000000 -101.000000 0.000000 0.000000
33 1614145688 15.400000 -1.000000 -101.000000 0.000000 0.000000
33 1614145689 15.400000 -1.000000 -101.000000 0.000000 0.000000
33 1614145690 8.600000 -1.000000 -101.000000 0.000000 0.000000
33 1614145691 8.600000 -1.000000 -101.000000 0.000000 0.000000
33 1614145692 8.600000 -1.000000 -101.000000 0.000000 0.000000
30 1614145693 6.400000 -1.000000 -101.000000 0.000000 0.000000
30 1614145694 6.400000 -1.000000 -101.000000 0.000000 0.000000
30 1614145695 17.000000 -1.000000 -101.000000 0.000000 0.000000
30 1614145696 17.000000 -1.000000 -101.000000 0.000000 0.000000
30 1614145697 17.000000 -1.000000 -101.000000 0.000000 0.000000
33 1614145693 8.600000 -1.000000 -101.000000 0.000000 0.000000
33 1614145694 8.600000 -1.000000 -101.000000 0.000000 0.000000
33 1614145695 15.000000 -1.000000 -101.000000 0.000000 0.000000
33 1614145696 15.000000 -1.000000 -101.000000 0.000000 0.000000
33 1614145697 15.000000 -1.000000 -101.000000 0.000000 0.000000
30 1614145698 17.000000 -1.000000 -101.000000 0.000000 0.000000
30 1614145699 17.000000 -1.000000 -101.000000 0.000000 0.000000
30 1614145700 8.600000 -1.000000 -101.000000 0.000000 0.000000
30 1614145701 8.600000 -1.000000 -101.000000 0.000000 0.000000
30 1614145702 8.600000 -1.000000 -101.000000 0.000000 0.000000
33 1614145698 15.000000 -1.000000 -101.000000 0.000000 0.000000
33 1614145699 15.000000 -1.000000 -101.000000 0.000000 0.000000
33 1614145700 5.200000 -1.000000 -101.000000 0.000000 0.000000
33 1614145701 5.200000 -1.000000 -101.000000 0.000000 0.000000
33 1614145702 5.200000 -1.000000 -101.000000 0.000000 0.000000
30 1614145703 8.600000 -1.000000 -101.000000 0.000000 0.000000
30 1614145704 8.600000 -1.000000 -101.000000 0.000000 0.000000
30 1614145705 16.200000 -1.000000 -101.000000 0.000000 0.000000
30 1614145706 16.200000 -1.000000 -101.000000 0.000000 0.000000
30 1614145707 16.200000 -1.000000 -101.000000 0.000000 0.000000
33 1614145703 5.200000 -1.000000 -101.000000 0.000000 0.000000
33 1614145704 5.200000 -1.000000 -101.000000 0.000000 0.000000
33 1614145705 12.800000 -1.000000 -101.000000 0.000000 0.000000
33 1614145706 12.800000 -1.000000 -101.000000 0.000000 0.000000
33 1614145707 12.800000 -1.000000 -101.000000 0.000000 0.000000
30 1614145708 16.200000 -1.000000 -101.000000 0.000000 0.000000
30 1614145709 16.200000 -1.000000 -101.000000 0.000000 0.000000
30 1614145710 17.400000 -1.000000 -101.000000 0.000000 0.000000
30 1614145711 17.400000 -1.000000 -101.000000 0.000000 0.000000
30 1614145712 17.400000 -1.000000 -101.000000 0.000000 0.000000
33 1614145708 12.800000 -1.000000 -101.000000 0.000000 0.000000
33 1614145709 12.800000 -1.000000 -101.000000 0.000000 0.000000
33 1614145710 11.800000 -1.000000 -101.000000 0.000000 0.000000
33 1614145711 11.800000 -1.000000 -101.000000 0.000000 0.000000
33 1614145712 11.800000 -1.000000 -101.000000 0.000000 0.000000
30 1614145713 17.400000 -1.000000 -101.000000 0.000000 0.000000
30 1614145714 17.400000 -1.000000 -101.000000 0.000000 0.000000
30 1614145715 11.000000 -1.000000 -101.000000 0.000000 0.000000
30 1614145716 11.000000 -1.000000 -101.000000 0.000000 0.000000
30 1614145717 11.000000 -1.000000 -101.000000 0.000000 0.000000
33 1614145713 11.800000 -1.000000 -101.000000 0.000000 0.000000
33 1614145714 11.800000 -1.000000 -101.000000 0.000000 0.000000
33 1614145715 6.600000 -1.000000 -101.000000 0.000000 0.000000
33 1614145716 6.600000 -1.000000 -101.000000 0.000000 0.000000
33 1614145717 6.600000 -1.000000 -101.000000 0.000000 0.000000
30 1614145718 11.000000 -1.000000 -101.000000 0.000000 0.000000
30 1614145719 11.000000 -1.000000 -101.000000 0.000000 0.000000
30 1614145720 17.600000 -1.000000 -101.000000 0.000000 0.000000
30 1614145721 17.600000 -1.000000 -101.000000 0.000000 0.000000
30 1614145722 17.600000 -1.000000 -101.000000 0.000000 0.000000
33 1614145718 6.600000 -1.000000 -101.000000 0.000000 0.000000
33 1614145719 6.600000 -1.000000 -101.000000 0.000000 0.000000
33 1614145720 16.600000 -1.000000 -101.000000 0.000000 0.000000
33 1614145721 16.600000 -1.000000 -101.000000 0.000000 0.000000
33 1614145722 16.600000 -1.000000 -101.000000 0.000000 0.000000
30 1614145723 17.600000 -1.000000 -101.000000 0.000000 0.000000
30 1614145724 17.600000 -1.000000 -101.000000 0.000000 0.000000
30 1614145725 15.200000 -1.000000 -101.000000 0.000000 0.000000
30 1614145726 15.200000 -1.000000 -101.000000 0.000000 0.000000
30 1614145727 15.200000 -1.000000 -101.000000 0.000000 0.000000
33 1614145723 16.600000 -1.000000 -101.000000 0.000000 0.000000
33 1614145724 16.600000 -1.000000 -101.000000 0.000000 0.000000
33 1614145725 13.200000 -1.000000 -101.000000 0.000000 0.000000
33 1614145726 13.200000 -1.000000 -101.000000 0.000000 0.000000
33 1614145727 13.200000 -1.000000 -101.000000 0.000000 0.000000
30 1614145728 15.200000 -1.000000 -101.000000 0.000000 0.000000
30 1614145729 15.200000 -1.000000 -101.000000 0.000000 0.000000
30 1614145730 14.000000 -1.000000 -101.000000 0.000000 0.000000
30 1614145731 14.000000 -1.000000 -101.000000 0.000000 0.000000
30 1614145732 14.000000 -1.000000 -101.000000 0.000000 0.000000
33 1614145728 13.200000 -1.000000 -101.000000 0.000000 0.000000
33 1614145729 13.200000 -1.000000 -101.000000 0.000000 0.000000
33 1614145730 14.800000 -1.000000 -101.000000 0.000000 0.000000
33 1614145731 14.800000 -1.000000 -101.000000 0.000000 0.000000
33 1614145732 14.800000 -1.000000 -101.000000 0.000000 0.000000
30 1614145733 14.000000 -1.000000 -101.000000 0.000000 0.000000
30 1614145734 14.000000 -1.000000 -101.000000 0.000000 0.000000
30 1614145735 7.600000 -1.000000 -101.000000 0.000000 0.000000
30 1614145736 7.600000 -1.000000 -101.000000 0.000000 0.000000
30 1614145737 7.600000 -1.000000 -101.000000 0.000000 0.000000
33 1614145733 14.800000 -1.000000 -101.000000 0.000000 0.000000
33 1614145734 14.800000 -1.000000 -101.000000 0.000000 0.000000
33 1614145735 12.600000 -1.000000 -101.000000 0.000000 0.000000
33 1614145736 12.600000 -1.000000 -101.000000 0.000000 0.000000
33 1614145737 12.600000 -1.000000 -101.000000 0.000000 0.000000
30 1614145738 7.600000 -1.000000 -101.000000 0.000000 0.000000
30 1614145739 7.600000 -1.000000 -101.000000 0.000000 0.000000
30 1614145740 9.200000 -1.000000 -101.000000 0.000000 0.000000
30 1614145741 9.200000 -1.000000 -101.000000 0.000000 0.000000
30 1614145742 9.200000 -1.000000 -101.000000 0.000000 0.000000
33 1614145738 12.600000 -1.000000 -101.000000 0.000000 0.000000
33 1614145739 12.600000 -1.000000 -101.000000 0.000000 0.000000
33 1614145740 9.600000 -1.000000 -101.000000 0.000000 0.000000
33 1614145741 9.600000 -1.000000 -101.000000 0.000000 0.000000
33 1614145742 9.600000 -1.000000 -101.000000 0.000000 0.000000
30 1614145743 9.200000 -1.000000 -101.000000 0.000000 0.000000
30 1614145744 9.200000 -1.000000 -101.000000 0.000000 0.000000
30 1614145745 10.400000 -1.000000 -101.000000 0.000000 0.000000
30 1614145746 10.400000 -1.000000 -101.000000 0.000000 0.000000
30 1614145747 10.400000 -1.000000 -101.000000 0.000000 0.000000
33 1614145743 9.600000 -1.000000 -101.000000 0.000000 0.000000
33 1614145744 9.600000 -1.000000 -101.000000 0.000000 0.000000
33 1614145745 16.600000 -1.000000 -101.000000 0.000000 0.000000
33 1614145746 16.600000 -1.000000 -101.000000 0.000000 0.000000
33 1614145747 16.600000 -1.000000 -101.000000 0.000000 0.000000
30 1614145748 10.400000 -1.000000 -101.000000 0.000000 0.000000
30 1614145749 10.400000 -1.000000 -101.000000 0.000000 0.000000
30 1614145750 6.000000 -1.000000 -101.000000 0.000000 0.000000
30 1614145751 6.000000 -1.000000 -101.000000 0.000000 0.000000
30 1614145752 6.000000 -1.000000 -101.000000 0.000000 0.000000
33 1614145748 16.600000 -1.000000 -101.000000 0.000000 0.000000
33 1614145749 16.600000 -1.000000 -101.000000 0.000000 0.000000
33 1614145750 7.800000 -1.000000 -101.000000 0.000000 0.000000
33 1614145751 7.800000 -1.000000 -101.000000 0.000000 0.000000
33 1614145752 7.800000 -1.000000 -101.000000 0.000000 0.000000
30 1614145753 6.000000 -1.000000 -101.000000 0.000000 0.000000
30 1614145754 6.000000 -1.000000 -101.000000 0.000000 0.000000
30 1614145755 8.400000 -1.000000 -101.000000 0.000000 0.000000
30 1614145756 8.400000 -1.000000 -101.000000 0.000000 0.000000
30 1614145757 8.400000 -1.000000 -101.000000 0.000000 0.000000
33 1614145753 7.800000 -1.000000 -101.000000 0.000000 0.000000
33 1614145754 7.800000 -1.000000 -101.000000 0.000000 0.000000
33 1614145755 10.800000 -1.000000 -101.000000 0.000000 0.000000
33 1614145756 10.800000 -1.000000 -101.000000 0.000000 0.000000
33 1614145757 10.800000 -1.000000 -101.000000 0.000000 0.000000
30 1614145758 8.400000 -1.000000 -101.000000 0.000000 0.000000
30 1614145759 8.400000 -1.000000 -101.000000 0.000000 0.000000
30 1614145760 8.800000 -1.000000 -101.000000 0.000000 0.000000
30 1614145761 8.800000 -1.000000 -101.000000 0.000000 0.000000
30 1614145762 8.800000 -1.000000 -101.000000 0.000000 0.000000
33 1614145758 10.800000 -1.000000 -101.000000 0.000000 0.000000
33 1614145759 10.800000 -1.000000 -101.000000 0.000000 0.000000
33 1614145760 8.400000 -1.000000 -101.000000 0.000000 0.000000
33 1614145761 8.400000 -1.000000 -101.000000 0.000000 0.000000
33 1614145762 8.400000 -1.000000 -101.000000 0.000000 0.000000
30 1614145763 8.800000 -1.000000 -101.000000 0.000000 0.000000
30 1614145764 8.800000 -1.000000 -101.000000 0.000000 0.000000
30 1614145765 7.600000 -1.000000 -101.000000 0.000000 0.000000
30 1614145766 7.600000 -1.000000 -101.000000 0.000000 0.000000
30 1614145767 7.600000 -1.000000 -101.000000 0.000000 0.000000
33 1614145763 8.400000 -1.000000 -101.000000 0.000000 0.000000
33 1614145764 8.400000 -1.000000 -101.000000 0.000000 0.000000
33 1614145765 12.200000 -1.000000 -101.000000 0.000000 0.000000
33 1614145766 12.200000 -1.000000 -101.000000 0.000000 0.000000
33 1614145767 12.200000 -1.000000 -101.000000 0.000000 0.000000
30 1614145768 7.600000 -1.000000 -101.000000 0.000000 0.000000
30 1614145769 7.600000 -1.000000 -101.000000 0.000000 0.000000
30 1614145770 5.000000 -1.000000 -101.000000 0.000000 0.000000
30 1614145771 5.000000 -1.000000 -101.000000 0.000000 0.000000
30 1614145772 5.000000 -1.000000 -101.000000 0.000000 0.000000
30 1614145773 5.000000 -1.000000 -101.000000 0.000000 0.000000
30 1614145774 5.000000 -1.000000 -101.000000 0.000000 0.000000
30 1614145775 15.000000 -1.000000 -101.000000 0.000000 0.000000
30 1614145776 15.000000 -1.000000 -101.000000 0.000000 0.000000
30 1614145777 15.000000 -1.000000 -101.000000 0.000000 0.000000
33 1614145768 12.200000 -1.000000 -101.000000 0.000000 0.000000
33 1614145769 12.200000 -1.000000 -101.000000 0.000000 0.000000
33 1614145770 7.600000 -1.000000 -101.000000 0.000000 0.000000
33 1614145771 7.600000 -1.000000 -101.000000 0.000000 0.000000
33 1614145772 7.600000 -1.000000 -101.000000 0.000000 0.000000
33 1614145773 7.600000 -1.000000 -101.000000 0.000000 0.000000
33 1614145774 7.600000 -1.000000 -101.000000 0.000000 0.000000
33 1614145775 19.800000 -1.000000 -101.000000 0.000000 0.000000
33 1614145776 19.800000 -1.000000 -101.000000 0.000000 0.000000
33 1614145777 19.800000 -1.000000 -101.000000 0.000000 0.000000
30 1614145778 15.000000 -1.000000 -101.000000 0.000000 0.000000
30 1614145779 15.000000 -1.000000 -101.000000 0.000000 0.000000
30 1614145780 8.000000 -1.000000 -101.000000 0.000000 0.000000
30 1614145781 8.000000 -1.000000 -101.000000 0.000000 0.000000
30 1614145782 8.000000 -1.000000 -101.000000 0.000000 0.000000
33 1614145778 19.800000 -1.000000 -101.000000 0.000000 0.000000
33 1614145779 19.800000 -1.000000 -101.000000 0.000000 0.000000
33 1614145780 9.200000 -1.000000 -101.000000 0.000000 0.000000
33 1614145781 9.200000 -1.000000 -101.000000 0.000000 0.000000
33 1614145782 9.200000 -1.000000 -101.000000 0.000000 0.000000
30 1614145783 8.000000 -1.000000 -101.000000 0.000000 0.000000
30 1614145784 8.000000 -1.000000 -101.000000 0.000000 0.000000
30 1614145785 2.800000 -1.000000 -101.000000 0.000000 0.000000
30 1614145786 2.800000 -1.000000 -101.000000 0.000000 0.000000
30 1614145787 2.800000 -1.000000 -101.000000 0.000000 0.000000
30 1614145788 2.800000 -1.000000 -101.000000 0.000000 0.000000
30 1614145789 2.800000 -1.000000 -101.000000 0.000000 0.000000
30 1614145790 2.800000 -1.000000 -101.000000 0.000000 0.000000
30 1614145791 2.800000 -1.000000 -101.000000 0.000000 0.000000
30 1614145792 2.800000 -1.000000 -101.000000 0.000000 0.000000
33 1614145783 9.200000 -1.000000 -101.000000 0.000000 0.000000
33 1614145784 9.200000 -1.000000 -101.000000 0.000000 0.000000
33 1614145785 5.600000 -1.000000 -101.000000 0.000000 0.000000
33 1614145786 5.600000 -1.000000 -101.000000 0.000000 0.000000
33 1614145787 5.600000 -1.000000 -101.000000 0.000000 0.000000
33 1614145788 5.600000 -1.000000 -101.000000 0.000000 0.000000
33 1614145789 5.600000 -1.000000 -101.000000 0.000000 0.000000
33 1614145790 3.000000 -1.000000 -101.000000 0.000000 0.000000
33 1614145791 3.000000 -1.000000 -101.000000 0.000000 0.000000
33 1614145792 3.000000 -1.000000 -101.000000 0.000000 0.000000
30 1614145793 2.800000 -1.000000 -101.000000 0.000000 0.000000
30 1614145794 2.800000 -1.000000 -101.000000 0.000000 0.000000
30 1614145795 5.200000 -1.000000 -101.000000 0.000000 0.000000
30 1614145796 5.200000 -1.000000 -101.000000 0.000000 0.000000
30 1614145797 5.200000 -1.000000 -101.000000 0.000000 0.000000
30 1614145798 5.200000 -1.000000 -101.000000 0.000000 0.000000
30 1614145799 5.200000 -1.000000 -101.000000 0.000000 0.000000
30 1614145800 7.000000 -1.000000 -101.000000 0.000000 0.000000
30 1614145801 7.000000 -1.000000 -101.000000 0.000000 0.000000
30 1614145802 7.000000 -1.000000 -101.000000 0.000000 0.000000
33 1614145793 3.000000 -1.000000 -101.000000 0.000000 0.000000
33 1614145794 3.000000 -1.000000 -101.000000 0.000000 0.000000
33 1614145795 7.000000 -1.000000 -101.000000 0.000000 0.000000
33 1614145796 7.000000 -1.000000 -101.000000 0.000000 0.000000
33 1614145797 7.000000 -1.000000 -101.000000 0.000000 0.000000
33 1614145798 7.000000 -1.000000 -101.000000 0.000000 0.000000
33 1614145799 7.000000 -1.000000 -101.000000 0.000000 0.000000
33 1614145800 9.000000 -1.000000 -101.000000 0.000000 0.000000
33 1614145801 9.000000 -1.000000 -101.000000 0.000000 0.000000
33 1614145802 9.000000 -1.000000 -101.000000 0.000000 0.000000
30 1614145803 7.000000 -1.000000 -101.000000 0.000000 0.000000
30 1614145804 7.000000 -1.000000 -101.000000 0.000000 0.000000
30 1614145805 8.000000 -1.000000 -101.000000 0.000000 0.000000
30 1614145806 8.000000 -1.000000 -101.000000 0.000000 0.000000
30 1614145807 8.000000 -1.000000 -101.000000 0.000000 0.000000
30 1614145808 8.000000 -1.000000 -101.000000 0.000000 0.000000
30 1614145809 8.000000 -1.000000 -101.000000 0.000000 0.000000
30 1614145810 8.800000 -1.000000 -101.000000 0.000000 0.000000
30 1614145811 8.800000 -1.000000 -101.000000 0.000000 0.000000
30 1614145812 8.800000 -1.000000 -101.000000 0.000000 0.000000
33 1614145803 9.000000 -1.000000 -101.000000 0.000000 0.000000
33 1614145804 9.000000 -1.000000 -101.000000 0.000000 0.000000
33 1614145805 9.400000 -1.000000 -101.000000 0.000000 0.000000
33 1614145806 9.400000 -1.000000 -101.000000 0.000000 0.000000
33 1614145807 9.400000 -1.000000 -101.000000 0.000000 0.000000
33 1614145808 9.400000 -1.000000 -101.000000 0.000000 0.000000
33 1614145809 9.400000 -1.000000 -101.000000 0.000000 0.000000
33 1614145810 11.000000 -1.000000 -101.000000 0.000000 0.000000
33 1614145811 11.000000 -1.000000 -101.000000 0.000000 0.000000
33 1614145812 11.000000 -1.000000 -101.000000 0.000000 0.000000
30 1614145813 8.800000 -1.000000 -101.000000 0.000000 0.000000
30 1614145814 8.800000 -1.000000 -101.000000 0.000000 0.000000
30 1614145815 4.000000 -1.000000 -101.000000 0.000000 0.000000
33 1614145813 11.000000 -1.000000 -101.000000 0.000000 0.000000
33 1614145814 11.000000 -1.000000 -101.000000 0.000000 0.000000
33 1614145815 6.800000 -1.000000 -101.000000 0.000000 0.000000
33 1614145878 1.250000 -1.000000 1.250000 1.250000 0.000000
33 1614145877 1.250000 -1.000000 1.250000 1.250000 0.000000
33 1614145876 1.250000 -1.000000 1.250000 1.250000 0.000000
33 1614145875 1.250000 -1.000000 1.250000 1.250000 0.000000
33 1614145874 2.000000 -1.000000 2.000000 2.000000 0.000000
33 1614145873 2.000000 -1.000000 2.000000 2.000000 0.000000
33 1614145872 2.000000 -1.000000 2.000000 2.000000 0.000000
33 1614145871 2.000000 -1.000000 2.000000 2.000000 0.000000
33 1614145870 2.000000 -1.000000 2.000000 2.000000 0.000000
33 1614145864 1.000000 -1.000000 1.000000 1.000000 0.000000
33 1614145863 1.000000 -1.000000 1.000000 1.000000 0.000000
33 1614145862 1.000000 -1.000000 1.000000 1.000000 0.000000
33 1614145861 1.000000 -1.000000 1.000000 1.000000 0.000000
33 1614145860 1.000000 -1.000000 1.000000 1.000000 0.000000
33 1614145854 2.200000 -1.000000 2.200000 2.200000 0.000000
33 1614145853 2.200000 -1.000000 2.200000 2.200000 0.000000
33 1614145852 2.200000 -1.000000 2.200000 2.200000 0.000000
33 1614145851 2.200000 -1.000000 2.200000 2.200000 0.000000
33 1614145850 2.200000 -1.000000 2.200000 2.200000 0.000000
33 1614145849 2.400000 -1.000000 2.400000 2.400000 0.000000
33 1614145848 2.400000 -1.000000 2.400000 2.400000 0.000000
33 1614145847 2.400000 -1.000000 2.400000 2.400000 0.000000
33 1614145846 2.400000 -1.000000 2.400000 2.400000 0.000000
33 1614145845 2.400000 -1.000000 2.400000 2.400000 0.000000
33 1614145844 4.000000 -1.000000 4.000000 4.000000 0.000000
33 1614145843 4.000000 -1.000000 4.000000 4.000000 0.000000
33 1614145842 4.000000 -1.000000 4.000000 4.000000 0.000000
33 1614145841 4.000000 -1.000000 4.000000 4.000000 0.000000
33 1614145840 4.000000 -1.000000 4.000000 4.000000 0.000000
33 1614145839 6.800000 -1.000000 6.800000 6.800000 0.000000
33 1614145838 6.800000 -1.000000 6.800000 6.800000 0.000000
33 1614145837 6.800000 -1.000000 6.800000 6.800000 0.000000
33 1614145836 6.800000 -1.000000 6.800000 6.800000 0.000000
33 1614145835 6.800000 -1.000000 6.800000 6.800000 0.000000
33 1614145834 1.200000 -1.000000 1.200000 1.200000 0.000000
33 1614145833 1.200000 -1.000000 1.200000 1.200000 0.000000
33 1614145832 1.200000 -1.000000 1.200000 1.200000 0.000000
33 1614145831 1.200000 -1.000000 1.200000 1.200000 0.000000
33 1614145830 1.200000 -1.000000 1.200000 1.200000 0.000000
33 1614145829 3.600000 -1.000000 3.600000 3.600000 0.000000
33 1614145828 3.600000 -1.000000 3.600000 3.600000 0.000000
33 1614145827 3.600000 -1.000000 3.600000 3.600000 0.000000
33 1614145826 3.600000 -1.000000 3.600000 3.600000 0.000000
33 1614145825 3.600000 -1.000000 3.600000 3.600000 0.000000
33 1614145824 4.000000 -1.000000 4.000000 4.000000 0.000000
33 1614145823 4.000000 -1.000000 4.000000 4.000000 0.000000
33 1614145822 4.000000 -1.000000 4.000000 4.000000 0.000000
33 1614145821 4.000000 -1.000000 4.000000 4.000000 0.000000
33 1614145820 4.000000 -1.000000 4.000000 4.000000 0.000000
33 1614145819 6.800000 -1.000000 6.800000 6.800000 0.000000
33 1614145818 6.800000 -1.000000 6.800000 6.800000 0.000000
33 1614145817 6.800000 -1.000000 6.800000 6.800000 0.000000
33 1614145816 6.800000 -1.000000 6.800000 6.800000 0.000000
30 1614145878 0.750000 -1.000000 0.750000 0.750000 0.000000
30 1614145877 0.750000 -1.000000 0.750000 0.750000 0.000000
30 1614145876 0.750000 -1.000000 0.750000 0.750000 0.000000
30 1614145875 0.750000 -1.000000 0.750000 0.750000 0.000000
30 1614145874 1.200000 -1.000000 1.200000 1.200000 0.000000
30 1614145873 1.200000 -1.000000 1.200000 1.200000 0.000000
30 1614145872 1.200000 -1.000000 1.200000 1.200000 0.000000
30 1614145871 1.200000 -1.000000 1.200000 1.200000 0.000000
30 1614145870 1.200000 -1.000000 1.200000 1.200000 0.000000
30 1614145864 0.600000 -1.000000 0.600000 0.600000 0.000000
30 1614145863 0.600000 -1.000000 0.600000 0.600000 0.000000
30 1614145862 0.600000 -1.000000 0.600000 0.600000 0.000000
30 1614145861 0.600000 -1.000000 0.600000 0.600000 0.000000
30 1614145860 0.600000 -1.000000 0.600000 0.600000 0.000000
30 1614145854 0.800000 -1.000000 0.800000 0.800000 0.000000
30 1614145853 0.800000 -1.000000 0.800000 0.800000 0.000000
30 1614145852 0.800000 -1.000000 0.800000 0.800000 0.000000
30 1614145851 0.800000 -1.000000 0.800000 0.800000 0.000000
30 1614145850 0.800000 -1.000000 0.800000 0.800000 0.000000
30 1614145849 0.400000 -1.000000 0.400000 0.400000 0.000000
30 1614145848 0.400000 -1.000000 0.400000 0.400000 0.000000
30 1614145847 0.400000 -1.000000 0.400000 0.400000 0.000000
30 1614145846 0.400000 -1.000000 0.400000 0.400000 0.000000
30 1614145845 0.400000 -1.000000 0.400000 0.400000 0.000000
30 1614145844 2.400000 -1.000000 2.400000 2.400000 0.000000
30 1614145843 2.400000 -1.000000 2.400000 2.400000 0.000000
30 1614145842 2.400000 -1.000000 2.400000 2.400000 0.000000
30 1614145841 2.400000 -1.000000 2.400000 2.400000 0.000000
30 1614145840 2.400000 -1.000000 2.400000 2.400000 0.000000
30 1614145839 4.400000 -1.000000 4.400000 4.400000 0.000000
30 1614145838 4.400000 -1.000000 4.400000 4.400000 0.000000
30 1614145837 4.400000 -1.000000 4.400000 4.400000 0.000000
30 1614145836 4.400000 -1.000000 4.400000 4.400000 0.000000
30 1614145835 4.400000 -1.000000 4.400000 4.400000 0.000000
30 1614145834 1.200000 -1.000000 1.200000 1.200000 0.000000
30 1614145833 1.200000 -1.000000 1.200000 1.200000 0.000000
30 1614145832 1.200000 -1.000000 1.200000 1.200000 0.000000
30 1614145831 1.200000 -1.000000 1.200000 1.200000 0.000000
30 1614145830 1.200000 -1.000000 1.200000 1.200000 0.000000
30 1614145829 2.000000 -1.000000 2.000000 2.000000 0.000000
30 1614145828 2.000000 -1.000000 2.000000 2.000000 0.000000
30 1614145827 2.000000 -1.000000 2.000000 2.000000 0.000000
30 1614145826 2.000000 -1.000000 2.000000 2.000000 0.000000
30 1614145825 2.000000 -1.000000 2.000000 2.000000 0.000000
30 1614145824 2.600000 -1.000000 2.600000 2.600000 0.000000
30 1614145823 2.600000 -1.000000 2.600000 2.600000 0.000000
30 1614145822 2.600000 -1.000000 2.600000 2.600000 0.000000
30 1614145821 2.600000 -1.000000 2.600000 2.600000 0.000000
30 1614145820 2.600000 -1.000000 2.600000 2.600000 0.000000
30 1614145819 4.000000 -1.000000 4.000000 4.000000 0.000000
30 1614145818 4.000000 -1.000000 4.000000 4.000000 0.000000
30 1614145817 4.000000 -1.000000 4.000000 4.000000 0.000000
30 1614145816 4.000000 -1.000000 4.000000 4.000000 0.000000
