37 1614145420 2.800000 -1.000000 -101.000000 0.000000 0.000000
37 1614145421 2.800000 -1.000000 -101.000000 0.000000 0.000000
37 1614145422 2.800000 -1.000000 -101.000000 0.000000 0.000000
37 1614145423 2.800000 -1.000000 -101.000000 0.000000 0.000000
37 1614145424 2.800000 -1.000000 -101.000000 0.000000 0.000000
37 1614145425 2.800000 -1.000000 -101.000000 0.000000 0.000000
37 1614145426 2.800000 -1.000000 -101.000000 0.000000 0.000000
37 1614145427 2.800000 -1.000000 -101.000000 0.000000 0.000000
37 1614145428 2.800000 -1.000000 -101.000000 0.000000 0.000000
37 1614145429 2.800000 -1.000000 -101.000000 0.000000 0.000000
37 1614145430 2.800000 -1.000000 -101.000000 0.000000 0.000000
37 1614145431 2.800000 -1.000000 -101.000000 0.000000 0.000000
37 1614145432 2.800000 -1.000000 -101.000000 0.000000 0.000000
37 1614145433 2.800000 -1.000000 -101.000000 0.000000 0.000000
37 1614145434 2.800000 -1.000000 -101.000000 0.000000 0.000000
37 1614145435 2.800000 -1.000000 -101.000000 0.000000 0.000000
37 1614145436 2.800000 -1.000000 -101.000000 0.000000 0.000000
37 1614145437 2.800000 -1.000000 -101.000000 0.000000 0.000000
37 1614145438 2.800000 -1.000000 -101.000000 0.000000 0.000000
37 1614145439 2.800000 -1.000000 -101.000000 0.000000 0.000000
37 1614145440 2.800000 -1.000000 -101.000000 0.000000 0.000000
37 1614145441 2.800000 -1.000000 -101.000000 0.000000 0.000000
37 1614145442 2.800000 -1.000000 -101.000000 0.000000 0.000000
37 1614145443 2.800000 -1.000000 -101.000000 0.000000 0.000000
37 1614145444 2.800000 -1.000000 -101.000000 0.000000 0.000000
37 1614145445 1.600000 -1.000000 -101.000000 0.000000 0.000000
37 1614145446 1.600000 -1.000000 -101.000000 0.000000 0.000000
37 1614145447 1.600000 -1.000000 -101.000000 0.000000 0.000000
37 1614145448 1.600000 -1.000000 -101.000000 0.000000 0.000000
37 1614145449 1.600000 -1.000000 -101.000000 0.000000 0.000000
37 1614145450 1.200000 -1.000000 -101.000000 0.000000 0.000000
37 1614145451 1.200000 -1.000000 -101.000000 0.000000 0.000000
37 1614145452 1.200000 -1.000000 -101.000000 0.000000 0.000000
37 1614145453 1.200000 -1.000000 -101.000000 0.000000 0.000000
37 1614145454 1.200000 -1.000000 -101.000000 0.000000 0.000000
37 1614145460 2.000000 -1.000000 -101.000000 0.000000 0.000000
37 1614145461 2.000000 -1.000000 -101.000000 0.000000 0.000000
37 1614145462 2.000000 -1.000000 -101.000000 0.000000 0.000000
37 1614145463 2.000000 -1.000000 -101.000000 0.000000 0.000000
37 1614145464 2.000000 -1.000000 -101.000000 0.000000 0.000000
37 1614145465 1.200000 -1.000000 -101.000000 0.000000 0.000000
37 1614145466 1.200000 -1.000000 -101.000000 0.000000 0.000000
37 1614145467 1.200000 -1.000000 -101.000000 0.000000 0.000000
37 1614145468 1.200000 -1.000000 -101.000000 0.000000 0.000000
37 1614145469 1.200000 -1.000000 -101.000000 0.000000 0.000000
37 1614145495 3.200000 -1.000000 -101.000000 0.000000 0.000000
37 1614145496 3.200000 -1.000000 -101.000000 0.000000 0.000000
37 1614145497 3.200000 -1.000000 -101.000000 0.000000 0.000000
37 1614145498 3.200000 -1.000000 -101.000000 0.000000 0.000000
37 1614145499 3.200000 -1.000000 -101.000000 0.000000 0.000000
37 1614145500 0.800000 -1.000000 -101.000000 0.000000 0.000000
37 1614145501 0.800000 -1.000000 -101.000000 0.000000 0.000000
37 1614145502 0.800000 -1.000000 -101.000000 0.000000 0.000000
37 1614145503 0.800000 -1.000000 -101.000000 0.000000 0.000000
37 1614145504 0.800000 -1.000000 -101.000000 0.000000 0.000000
37 1614145510 2.400000 -1.000000 -101.000000 0.000000 0.000000
37 1614145511 2.400000 -1.000000 -101.000000 0.000000 0.000000
37 1614145512 2.400000 -1.000000 -101.000000 0.000000 0.000000
37 1614145513 2.400000 -1.000000 -101.000000 0.000000 0.000000
37 1614145514 2.400000 -1.000000 -101.000000 0.000000 0.000000
37 1614145515 9.600000 -1.000000 -101.000000 0.000000 0.000000
37 1614145516 9.600000 -1.000000 -101.000000 0.000000 0.000000
37 1614145517 9.600000 -1.000000 -101.000000 0.000000 0.000000
37 1614145518 9.600000 -1.000000 -101.000000 0.000000 0.000000
37 1614145519 9.600000 -1.000000 -101.000000 0.000000 0.000000
37 1614145525 3.200000 -1.000000 -101.000000 0.000000 0.000000
37 1614145526 3.200000 -1.000000 -101.000000 0.000000 0.000000
37 1614145527 3.200000 -1.000000 -101.000000 0.000000 0.000000
37 1614145528 3.200000 -1.000000 -101.000000 0.000000 0.000000
37 1614145529 3.200000 -1.000000 -101.000000 0.000000 0.000000
37 1614145530 7.200000 -1.000000 -101.000000 0.000000 0.000000
37 1614145531 7.200000 -1.000000 -101.000000 0.000000 0.000000
37 1614145532 7.200000 -1.000000 -101.000000 0.000000 0.000000
37 1614145533 7.200000 -1.000000 -101.000000 0.000000 0.000000
37 1614145534 7.200000 -1.000000 -101.000000 0.000000 0.000000
37 1614145535 1.600000 -1.000000 -101.000000 0.000000 0.000000
37 1614145536 1.600000 -1.000000 -101.000000 0.000000 0.000000
37 1614145537 1.600000 -1.000000 -101.000000 0.000000 0.000000
37 1614145538 1.600000 -1.000000 -101.000000 0.000000 0.000000
37 1614145539 1.600000 -1.000000 -101.000000 0.000000 0.000000
37 1614145540 3.600000 -1.000000 -101.000000 0.000000 0.000000
37 1614145541 3.600000 -1.000000 -101.000000 0.000000 0.000000
37 1614145542 3.600000 -1.000000 -101.000000 0.000000 0.000000
37 1614145543 3.600000 -1.000000 -101.000000 0.000000 0.000000
37 1614145544 3.600000 -1.000000 -101.000000 0.000000 0.000000
37 1614145545 2.200000 -1.000000 -101.000000 0.000000 0.000000
37 1614145546 2.200000 -1.000000 -101.000000 0.000000 0.000000
37 1614145547 2.200000 -1.000000 -101.000000 0.000000 0.000000
37 1614145548 2.200000 -1.000000 -101.000000 0.000000 0.000000
37 1614145549 2.200000 -1.000000 -101.000000 0.000000 0.000000
37 1614145550 0.800000 -1.000000 -101.000000 0.000000 0.000000
37 1614145551 0.800000 -1.000000 -101.000000 0.000000 0.000000
37 1614145552 0.800000 -1.000000 -101.000000 0.000000 0.000000
37 1614145553 0.800000 -1.000000 -101.000000 0.000000 0.000000
37 1614145554 0.800000 -1.000000 -101.000000 0.000000 0.000000
37 1614145555 0.600000 -1.000000 -101.000000 0.000000 0.000000
37 1614145556 0.600000 -1.000000 -101.000000 0.000000 0.000000
37 1614145557 0.600000 -1.000000 -101.000000 0.000000 0.000000
37 1614145558 0.600000 -1.000000 -101.000000 0.000000 0.000000
37 1614145559 0.600000 -1.000000 -101.000000 0.000000 0.000000
37 1614145575 1.800000 -1.000000 -101.000000 0.000000 0.000000
37 1614145576 1.800000 -1.000000 -101.000000 0.000000 0.000000
37 1614145577 1.800000 -1.000000 -101.000000 0.000000 0.000000
37 1614145578 1.800000 -1.000000 -101.000000 0.000000 0.000000
37 1614145579 1.800000 -1.000000 -101.000000 0.000000 0.000000
37 1614145585 4.600000 -1.000000 -101.000000 0.000000 0.000000
37 1614145586 4.600000 -1.000000 -101.000000 0.000000 0.000000
37 1614145587 4.600000 -1.000000 -101.000000 0.000000 0.000000
37 1614145588 4.600000 -1.000000 -101.000000 0.000000 0.000000
37 1614145589 4.600000 -1.000000 -101.000000 0.000000 0.000000
37 1614145590 2.400000 -1.000000 -101.000000 0.000000 0.000000
37 1614145591 2.400000 -1.000000 -101.000000 0.000000 0.000000
37 1614145592 2.400000 -1.000000 -101.000000 0.000000 0.000000
37 1614145593 2.400000 -1.000000 -101.000000 0.000000 0.000000
37 1614145594 2.400000 -1.000000 -101.000000 0.000000 0.000000
37 1614145595 2.400000 -1.000000 -101.000000 0.000000 0.000000
37 1614145596 2.400000 -1.000000 -101.000000 0.000000 0.000000
37 1614145597 2.400000 -1.000000 -101.000000 0.000000 0.000000
37 1614145598 2.400000 -1.000000 -101.000000 0.000000 0.000000
37 1614145599 2.400000 -1.000000 -101.000000 0.000000 0.000000
37 1614145600 6.400000 -1.000000 -101.000000 0.000000 0.000000
37 1614145601 6.400000 -1.000000 -101.000000 0.000000 0.000000
37 1614145602 6.400000 -1.000000 -101.000000 0.000000 0.000000
37 1614145603 6.400000 -1.000000 -101.000000 0.000000 0.000000
37 1614145604 6.400000 -1.000000 -101.000000 0.000000 0.000000
37 1614145605 2.400000 -1.000000 -101.000000 0.000000 0.000000
37 1614145606 2.400000 -1.000000 -101.000000 0.000000 0.000000
37 1614145607 2.400000 -1.000000 -101.000000 0.000000 0.000000
37 1614145608 2.400000 -1.000000 -101.000000 0.000000 0.000000
37 1614145609 2.400000 -1.000000 -101.000000 0.000000 0.000000
37 1614145610 0.800000 -1.000000 -101.000000 0.000000 0.000000
37 1614145611 0.800000 -1.000000 -101.000000 0.000000 0.000000
37 1614145612 0.800000 -1.000000 -101.000000 0.000000 0.000000
37 1614145613 0.800000 -1.000000 -101.000000 0.000000 0.000000
37 1614145614 0.800000 -1.000000 -101.000000 0.000000 0.000000
37 1614145615 4.000000 -1.000000 -101.000000 0.000000 0.000000
37 1614145616 4.000000 -1.000000 -101.000000 0.000000 0.000000
37 1614145617 4.000000 -1.000000 -101.000000 0.000000 0.000000
37 1614145618 4.000000 -1.000000 -101.000000 0.000000 0.000000
37 1614145619 4.000000 -1.000000 -101.000000 0.000000 0.000000
37 1614145620 2.400000 -1.000000 -101.000000 0.000000 0.000000
37 1614145621 2.400000 -1.000000 -101.000000 0.000000 0.000000
37 1614145622 2.400000 -1.000000 -101.000000 0.000000 0.000000
37 1614145623 2.400000 -1.000000 -101.000000 0.000000 0.000000
37 1614145624 2.400000 -1.000000 -101.000000 0.000000 0.000000
37 1614145635 1.200000 -1.000000 -101.000000 0.000000 0.000000
37 1614145636 1.200000 -1.000000 -101.000000 0.000000 0.000000
37 1614145637 1.200000 -1.000000 -101.000000 0.000000 0.000000
37 1614145638 1.200000 -1.000000 -101.000000 0.000000 0.000000
37 1614145639 1.200000 -1.000000 -101.000000 0.000000 0.000000
37 1614145640 3.400000 -1.000000 -101.000000 0.000000 0.000000
37 1614145641 3.400000 -1.000000 -101.000000 0.000000 0.000000
37 1614145642 3.400000 -1.000000 -101.000000 0.000000 0.000000
37 1614145643 3.400000 -1.000000 -101.000000 0.000000 0.000000
37 1614145644 3.400000 -1.000000 -101.000000 0.000000 0.000000
37 1614145645 2.000000 -1.000000 -101.000000 0.000000 0.000000
37 1614145646 2.000000 -1.000000 -101.000000 0.000000 0.000000
37 1614145647 2.000000 -1.000000 -101.000000 0.000000 0.000000
37 1614145648 2.000000 -1.000000 -101.000000 0.000000 0.000000
37 1614145649 2.000000 -1.000000 -101.000000 0.000000 0.000000
37 1614145650 3.800000 -1.000000 -101.000000 0.000000 0.000000
37 1614145651 3.800000 -1.000000 -101.000000 0.000000 0.000000
37 1614145652 3.800000 -1.000000 -101.000000 0.000000 0.000000
37 1614145653 3.800000 -1.000000 -101.000000 0.000000 0.000000
37 1614145654 3.800000 -1.000000 -101.000000 0.000000 0.000000
37 1614145655 1.400000 -1.000000 -101.000000 0.000000 0.000000
37 1614145656 1.400000 -1.000000 -101.000000 0.000000 0.000000
37 1614145657 1.400000 -1.000000 -101.000000 0.000000 0.000000
37 1614145658 1.400000 -1.000000 -101.000000 0.000000 0.000000
37 1614145659 1.400000 -1.000000 -101.000000 0.000000 0.000000
37 1614145660 1.000000 -1.000000 -101.000000 0.000000 0.000000
37 1614145661 1.000000 -1.000000 -101.000000 0.000000 0.000000
37 1614145662 1.000000 -1.000000 -101.000000 0.000000 0.000000
37 1614145663 1.000000 -1.000000 -101.000000 0.000000 0.000000
37 1614145664 1.000000 -1.000000 -101.000000 0.000000 0.000000
37 1614145665 4.000000 -1.000000 -101.000000 0.000000 0.000000
37 1614145666 4.000000 -1.000000 -101.000000 0.000000 0.000000
37 1614145667 4.000000 -1.000000 -101.000000 0.000000 0.000000
37 1614145668 4.000000 -1.000000 -101.000000 0.000000 0.000000
37 1614145669 4.000000 -1.000000 -101.000000 0.000000 0.000000
37 1614145680 0.800000 -1.000000 -101.000000 0.000000 0.000000
37 1614145681 0.800000 -1.000000 -101.000000 0.000000 0.000000
37 1614145682 0.800000 -1.000000 -101.000000 0.000000 0.000000
37 1614145683 0.800000 -1.000000 -101.000000 0.000000 0.000000
37 1614145684 0.800000 -1.000000 -101.000000 0.000000 0.000000
37 1614145685 1.600000 -1.000000 -101.000000 0.000000 0.000000
37 1614145686 1.600000 -1.000000 -101.000000 0.000000 0.000000
37 1614145687 1.600000 -1.000000 -101.000000 0.000000 0.000000
37 1614145688 1.600000 -1.000000 -101.000000 0.000000 0.000000
37 1614145689 1.600000 -1.000000 -101.000000 0.000000 0.000000
37 1614145690 0.800000 -1.000000 -101.000000 0.000000 0.000000
37 1614145691 0.800000 -1.000000 -101.000000 0.000000 0.000000
37 1614145692 0.800000 -1.000000 -101.000000 0.000000 0.000000
37 1614145693 0.800000 -1.000000 -101.000000 0.000000 0.000000
37 1614145694 0.800000 -1.000000 -101.000000 0.000000 0.000000
37 1614145695 4.800000 -1.000000 -101.000000 0.000000 0.000000
37 1614145696 4.800000 -1.000000 -101.000000 0.000000 0.000000
37 1614145697 4.800000 -1.000000 -101.000000 0.000000 0.000000
37 1614145698 4.800000 -1.000000 -101.000000 0.000000 0.000000
37 1614145699 4.800000 -1.000000 -101.000000 0.000000 0.000000
37 1614145700 2.400000 -1.000000 -101.000000 0.000000 0.000000
37 1614145701 2.400000 -1.000000 -101.000000 0.000000 0.000000
37 1614145702 2.400000 -1.000000 -101.000000 0.000000 0.000000
37 1614145703 2.400000 -1.000000 -101.000000 0.000000 0.000000
37 1614145704 2.400000 -1.000000 -101.000000 0.000000 0.000000
37 1614145705 5.600000 -1.000000 -101.000000 0.000000 0.000000
37 1614145706 5.600000 -1.000000 -101.000000 0.000000 0.000000
37 1614145707 5.600000 -1.000000 -101.000000 0.000000 0.000000
37 1614145708 5.600000 -1.000000 -101.000000 0.000000 0.000000
37 1614145709 5.600000 -1.000000 -101.000000 0.000000 0.000000
37 1614145710 5.600000 -1.000000 -101.000000 0.000000 0.000000
37 1614145711 5.600000 -1.000000 -101.000000 0.000000 0.000000
37 1614145712 5.600000 -1.000000 -101.000000 0.000000 0.000000
37 1614145713 5.600000 -1.000000 -101.000000 0.000000 0.000000
37 1614145714 5.600000 -1.000000 -101.000000 0.000000 0.000000
37 1614145715 3.200000 -1.000000 -101.000000 0.000000 0.000000
37 1614145716 3.200000 -1.000000 -101.000000 0.000000 0.000000
37 1614145717 3.200000 -1.000000 -101.000000 0.000000 0.000000
37 1614145718 3.200000 -1.000000 -101.000000 0.000000 0.000000
37 1614145719 3.200000 -1.000000 -101.000000 0.000000 0.000000
37 1614145720 1.600000 -1.000000 -101.000000 0.000000 0.000000
37 1614145721 1.600000 -1.000000 -101.000000 0.000000 0.000000
37 1614145722 1.600000 -1.000000 -101.000000 0.000000 0.000000
37 1614145723 1.600000 -1.000000 -101.000000 0.000000 0.000000
37 1614145724 1.600000 -1.000000 -101.000000 0.000000 0.000000
37 1614145725 4.000000 -1.000000 -101.000000 0.000000 0.000000
37 1614145726 4.000000 -1.000000 -101.000000 0.000000 0.000000
37 1614145727 4.000000 -1.000000 -101.000000 0.000000 0.000000
37 1614145728 4.000000 -1.000000 -101.000000 0.000000 0.000000
37 1614145729 4.000000 -1.000000 -101.000000 0.000000 0.000000
37 1614145730 0.800000 -1.000000 -101.000000 0.000000 0.000000
37 1614145731 0.800000 -1.000000 -101.000000 0.000000 0.000000
37 1614145732 0.800000 -1.000000 -101.000000 0.000000 0.000000
37 1614145733 0.800000 -1.000000 -101.000000 0.000000 0.000000
37 1614145734 0.800000 -1.000000 -101.000000 0.000000 0.000000
37 1614145735 2.400000 -1.000000 -101.000000 0.000000 0.000000
37 1614145736 2.400000 -1.000000 -101.000000 0.000000 0.000000
37 1614145737 2.400000 -1.000000 -101.000000 0.000000 0.000000
37 1614145738 2.400000 -1.000000 -101.000000 0.000000 0.000000
37 1614145739 2.400000 -1.000000 -101.000000 0.000000 0.000000
37 1614145740 1.800000 -1.000000 -101.000000 0.000000 0.000000
37 1614145741 1.800000 -1.000000 -101.000000 0.000000 0.000000
37 1614145742 1.800000 -1.000000 -101.000000 0.000000 0.000000
37 1614145743 1.800000 -1.000000 -101.000000 0.000000 0.000000
37 1614145744 1.800000 -1.000000 -101.000000 0.000000 0.000000
37 1614145745 0.200000 -1.000000 -101.000000 0.000000 0.000000
37 1614145746 0.200000 -1.000000 -101.000000 0.000000 0.000000
37 1614145747 0.200000 -1.000000 -101.000000 0.000000 0.000000
37 1614145748 0.200000 -1.000000 -101.000000 0.000000 0.000000
37 1614145749 0.200000 -1.000000 -101.000000 0.000000 0.000000
37 1614145750 0.400000 -1.000000 -101.000000 0.000000 0.000000
37 1614145751 0.400000 -1.000000 -101.000000 0.000000 0.000000
37 1614145752 0.400000 -1.000000 -101.000000 0.000000 0.000000
37 1614145753 0.400000 -1.000000 -101.000000 0.000000 0.000000
37 1614145754 0.400000 -1.000000 -101.000000 0.000000 0.000000
37 1614145755 1.200000 -1.000000 -101.000000 0.000000 0.000000
37 1614145756 1.200000 -1.000000 -101.000000 0.000000 0.000000
37 1614145757 1.200000 -1.000000 -101.000000 0.000000 0.000000
37 1614145758 1.200000 -1.000000 -101.000000 0.000000 0.000000
37 1614145759 1.200000 -1.000000 -101.000000 0.000000 0.000000
37 1614145760 0.200000 -1.000000 -101.000000 0.000000 0.000000
37 1614145761 0.200000 -1.000000 -101.000000 0.000000 0.000000
37 1614145762 0.200000 -1.000000 -101.000000 0.000000 0.000000
37 1614145819 0.800000 -1.000000 0.800000 0.800000 0.000000
37 1614145818 0.800000 -1.000000 0.800000 0.800000 0.000000
37 1614145817 0.800000 -1.000000 0.800000 0.800000 0.000000
37 1614145816 0.800000 -1.000000 0.800000 0.800000 0.000000
37 1614145815 0.800000 -1.000000 0.800000 0.800000 0.000000
37 1614145814 1.600000 -1.000000 1.600000 1.600000 0.000000
37 1614145813 1.600000 -1.000000 1.600000 1.600000 0.000000
37 1614145812 1.600000 -1.000000 1.600000 1.600000 0.000000
37 1614145811 1.600000 -1.000000 1.600000 1.600000 0.000000
37 1614145810 1.600000 -1.000000 1.600000 1.600000 0.000000
37 1614145809 0.800000 -1.000000 0.800000 0.800000 0.000000
37 1614145808 0.800000 -1.000000 0.800000 0.800000 0.000000
37 1614145807 0.800000 -1.000000 0.800000 0.800000 0.000000
37 1614145806 0.800000 -1.000000 0.800000 0.800000 0.000000
37 1614145805 0.800000 -1.000000 0.800000 0.800000 0.000000
37 1614145794 0.800000 -1.000000 0.800000 0.800000 0.000000
37 1614145793 0.800000 -1.000000 0.800000 0.800000 0.000000
37 1614145792 0.800000 -1.000000 0.800000 0.800000 0.000000
37 1614145791 0.800000 -1.000000 0.800000 0.800000 0.000000
37 1614145790 0.800000 -1.000000 0.800000 0.800000 0.000000
37 1614145784 2.400000 -1.000000 2.400000 2.400000 0.000000
37 1614145783 2.400000 -1.000000 2.400000 2.400000 0.000000
37 1614145782 2.400000 -1.000000 2.400000 2.400000 0.000000
37 1614145781 2.400000 -1.000000 2.400000 2.400000 0.000000
37 1614145780 2.400000 -1.000000 2.400000 2.400000 0.000000
37 1614145779 3.200000 -1.000000 3.200000 3.200000 0.000000
37 1614145778 3.200000 -1.000000 3.200000 3.200000 0.000000
37 1614145777 3.200000 -1.000000 3.200000 3.200000 0.000000
37 1614145776 3.200000 -1.000000 3.200000 3.200000 0.000000
37 1614145775 3.200000 -1.000000 3.200000 3.200000 0.000000
37 1614145769 0.200000 -1.000000 0.200000 0.200000 0.000000
37 1614145768 0.200000 -1.000000 0.200000 0.200000 0.000000
37 1614145767 0.200000 -1.000000 0.200000 0.200000 0.000000
37 1614145766 0.200000 -1.000000 0.200000 0.200000 0.000000
37 1614145765 0.200000 -1.000000 0.200000 0.200000 0.000000
37 1614145764 0.200000 -1.000000 0.200000 0.200000 0.000000
37 1614145763 0.200000 -1.000000 0.200000 0.200000 0.000000
