32 1614145420 21567.200000 -1.000000 -101.000000 0.000000 0.000000
32 1614145421 21567.200000 -1.000000 -101.000000 0.000000 0.000000
32 1614145422 21567.200000 -1.000000 -101.000000 0.000000 0.000000
32 1614145423 21567.200000 -1.000000 -101.000000 0.000000 0.000000
32 1614145424 21567.200000 -1.000000 -101.000000 0.000000 0.000000
32 1614145425 21568.400000 -1.000000 -101.000000 0.000000 0.000000
32 1614145426 21568.400000 -1.000000 -101.000000 0.000000 0.000000
32 1614145427 21568.400000 -1.000000 -101.000000 0.000000 0.000000
32 1614145428 21568.400000 -1.000000 -101.000000 0.000000 0.000000
32 1614145429 21568.400000 -1.000000 -101.000000 0.000000 0.000000
32 1614145430 21565.600000 -1.000000 -101.000000 0.000000 0.000000
32 1614145431 21565.600000 -1.000000 -101.000000 0.000000 0.000000
32 1614145432 21565.600000 -1.000000 -101.000000 0.000000 0.000000
32 1614145433 21565.600000 -1.000000 -101.000000 0.000000 0.000000
32 1614145434 21565.600000 -1.000000 -101.000000 0.000000 0.000000
32 1614145435 21569.800000 -1.000000 -101.000000 0.000000 0.000000
32 1614145436 21569.800000 -1.000000 -101.000000 0.000000 0.000000
32 1614145437 21569.800000 -1.000000 -101.000000 0.000000 0.000000
32 1614145438 21569.800000 -1.000000 -101.000000 0.000000 0.000000
32 1614145439 21569.800000 -1.000000 -101.000000 0.000000 0.000000
32 1614145440 42736.200000 -1.000000 -101.000000 0.000000 0.000000
32 1614145441 42736.200000 -1.000000 -101.000000 0.000000 0.000000
32 1614145442 42736.200000 -1.000000 -101.000000 0.000000 0.000000
32 1614145443 42736.200000 -1.000000 -101.000000 0.000000 0.000000
32 1614145444 42736.200000 -1.000000 -101.000000 0.000000 0.000000
32 1614145445 24577.800000 -1.000000 -101.000000 0.000000 0.000000
32 1614145446 24577.800000 -1.000000 -101.000000 0.000000 0.000000
32 1614145447 24577.800000 -1.000000 -101.000000 0.000000 0.000000
32 1614145448 24577.800000 -1.000000 -101.000000 0.000000 0.000000
32 1614145449 24577.800000 -1.000000 -101.000000 0.000000 0.000000
32 1614145450 16209.200000 -1.000000 -101.000000 0.000000 0.000000
32 1614145451 16209.200000 -1.000000 -101.000000 0.000000 0.000000
32 1614145452 16209.200000 -1.000000 -101.000000 0.000000 0.000000
32 1614145453 16209.200000 -1.000000 -101.000000 0.000000 0.000000
32 1614145454 16209.200000 -1.000000 -101.000000 0.000000 0.000000
32 1614145455 13347.800000 -1.000000 -101.000000 0.000000 0.000000
32 1614145456 13347.800000 -1.000000 -101.000000 0.000000 0.000000
32 1614145457 13347.800000 -1.000000 -101.000000 0.000000 0.000000
32 1614145458 13347.800000 -1.000000 -101.000000 0.000000 0.000000
32 1614145459 13347.800000 -1.000000 -101.000000 0.000000 0.000000
32 1614145460 29054.200000 -1.000000 -101.000000 0.000000 0.000000
32 1614145461 29054.200000 -1.000000 -101.000000 0.000000 0.000000
32 1614145462 29054.200000 -1.000000 -101.000000 0.000000 0.000000
32 1614145463 29054.200000 -1.000000 -101.000000 0.000000 0.000000
32 1614145464 29054.200000 -1.000000 -101.000000 0.000000 0.000000
32 1614145465 19545.400000 -1.000000 -101.000000 0.000000 0.000000
32 1614145466 19545.400000 -1.000000 -101.000000 0.000000 0.000000
32 1614145467 19545.400000 -1.000000 -101.000000 0.000000 0.000000
32 1614145468 19545.400000 -1.000000 -101.000000 0.000000 0.000000
32 1614145469 19545.400000 -1.000000 -101.000000 0.000000 0.000000
32 1614145470 27169.600000 -1.000000 -101.000000 0.000000 0.000000
32 1614145471 27169.600000 -1.000000 -101.000000 0.000000 0.000000
32 1614145472 27169.600000 -1.000000 -101.000000 0.000000 0.000000
32 1614145473 27169.600000 -1.000000 -101.000000 0.000000 0.000000
32 1614145474 27169.600000 -1.000000 -101.000000 0.000000 0.000000
32 1614145475 24519.600000 -1.000000 -101.000000 0.000000 0.000000
32 1614145476 24519.600000 -1.000000 -101.000000 0.000000 0.000000
32 1614145477 24519.600000 -1.000000 -101.000000 0.000000 0.000000
32 1614145478 24519.600000 -1.000000 -101.000000 0.000000 0.000000
32 1614145479 24519.600000 -1.000000 -101.000000 0.000000 0.000000
32 1614145480 13065.600000 -1.000000 -101.000000 0.000000 0.000000
32 1614145481 13065.600000 -1.000000 -101.000000 0.000000 0.000000
32 1614145482 13065.600000 -1.000000 -101.000000 0.000000 0.000000
32 1614145483 13065.600000 -1.000000 -101.000000 0.000000 0.000000
32 1614145484 13065.600000 -1.000000 -101.000000 0.000000 0.000000
32 1614145485 34153.800000 -1.000000 -101.000000 0.000000 0.000000
32 1614145486 34153.800000 -1.000000 -101.000000 0.000000 0.000000
32 1614145487 34153.800000 -1.000000 -101.000000 0.000000 0.000000
32 1614145488 34153.800000 -1.000000 -101.000000 0.000000 0.000000
32 1614145489 34153.800000 -1.000000 -101.000000 0.000000 0.000000
32 1614145490 16551.000000 -1.000000 -101.000000 0.000000 0.000000
32 1614145491 16551.000000 -1.000000 -101.000000 0.000000 0.000000
32 1614145492 16551.000000 -1.000000 -101.000000 0.000000 0.000000
32 1614145493 16551.000000 -1.000000 -101.000000 0.000000 0.000000
32 1614145494 16551.000000 -1.000000 -101.000000 0.000000 0.000000
32 1614145495 266534.200000 -1.000000 -101.000000 0.000000 0.000000
32 1614145496 266534.200000 -1.000000 -101.000000 0.000000 0.000000
32 1614145497 266534.200000 -1.000000 -101.000000 0.000000 0.000000
32 1614145498 266534.200000 -1.000000 -101.000000 0.000000 0.000000
32 1614145499 266534.200000 -1.000000 -101.000000 0.000000 0.000000
32 1614145500 23987.800000 -1.000000 -101.000000 0.000000 0.000000
32 1614145501 23987.800000 -1.000000 -101.000000 0.000000 0.000000
32 1614145502 23987.800000 -1.000000 -101.000000 0.000000 0.000000
32 1614145503 23987.800000 -1.000000 -101.000000 0.000000 0.000000
32 1614145504 23987.800000 -1.000000 -101.000000 0.000000 0.000000
32 1614145505 13838.200000 -1.000000 -101.000000 0.000000 0.000000
32 1614145506 13838.200000 -1.000000 -101.000000 0.000000 0.000000
32 1614145507 13838.200000 -1.000000 -101.000000 0.000000 0.000000
32 1614145508 13838.200000 -1.000000 -101.000000 0.000000 0.000000
32 1614145509 13838.200000 -1.000000 -101.000000 0.000000 0.000000
32 1614145510 162878.000000 -1.000000 -101.000000 0.000000 0.000000
32 1614145511 162878.000000 -1.000000 -101.000000 0.000000 0.000000
32 1614145512 162878.000000 -1.000000 -101.000000 0.000000 0.000000
32 1614145513 162878.000000 -1.000000 -101.000000 0.000000 0.000000
32 1614145514 162878.000000 -1.000000 -101.000000 0.000000 0.000000
32 1614145515 611158.800000 -1.000000 -101.000000 0.000000 0.000000
32 1614145516 611158.800000 -1.000000 -101.000000 0.000000 0.000000
32 1614145517 611158.800000 -1.000000 -101.000000 0.000000 0.000000
32 1614145518 611158.800000 -1.000000 -101.000000 0.000000 0.000000
32 1614145519 611158.800000 -1.000000 -101.000000 0.000000 0.000000
32 1614145520 115525.800000 -1.000000 -101.000000 0.000000 0.000000
32 1614145521 115525.800000 -1.000000 -101.000000 0.000000 0.000000
32 1614145522 115525.800000 -1.000000 -101.000000 0.000000 0.000000
32 1614145523 115525.800000 -1.000000 -101.000000 0.000000 0.000000
32 1614145524 115525.800000 -1.000000 -101.000000 0.000000 0.000000
32 1614145525 152022.800000 -1.000000 -101.000000 0.000000 0.000000
32 1614145526 152022.800000 -1.000000 -101.000000 0.000000 0.000000
32 1614145527 152022.800000 -1.000000 -101.000000 0.000000 0.000000
32 1614145528 152022.800000 -1.000000 -101.000000 0.000000 0.000000
32 1614145529 152022.800000 -1.000000 -101.000000 0.000000 0.000000
32 1614145530 515482.200000 -1.000000 -101.000000 0.000000 0.000000
32 1614145531 515482.200000 -1.000000 -101.000000 0.000000 0.000000
32 1614145532 515482.200000 -1.000000 -101.000000 0.000000 0.000000
32 1614145533 515482.200000 -1.000000 -101.000000 0.000000 0.000000
32 1614145534 515482.200000 -1.000000 -101.000000 0.000000 0.000000
32 1614145535 210259.000000 -1.000000 -101.000000 0.000000 0.000000
32 1614145536 210259.000000 -1.000000 -101.000000 0.000000 0.000000
32 1614145537 210259.000000 -1.000000 -101.000000 0.000000 0.000000
32 1614145538 210259.000000 -1.000000 -101.000000 0.000000 0.000000
32 1614145539 210259.000000 -1.000000 -101.000000 0.000000 0.000000
32 1614145540 123207.000000 -1.000000 -101.000000 0.000000 0.000000
32 1614145541 123207.000000 -1.000000 -101.000000 0.000000 0.000000
32 1614145542 123207.000000 -1.000000 -101.000000 0.000000 0.000000
32 1614145543 123207.000000 -1.000000 -101.000000 0.000000 0.000000
32 1614145544 123207.000000 -1.000000 -101.000000 0.000000 0.000000
32 1614145545 164535.200000 -1.000000 -101.000000 0.000000 0.000000
32 1614145546 164535.200000 -1.000000 -101.000000 0.000000 0.000000
32 1614145547 164535.200000 -1.000000 -101.000000 0.000000 0.000000
32 1614145548 164535.200000 -1.000000 -101.000000 0.000000 0.000000
32 1614145549 164535.200000 -1.000000 -101.000000 0.000000 0.000000
32 1614145550 17887.200000 -1.000000 -101.000000 0.000000 0.000000
32 1614145551 17887.200000 -1.000000 -101.000000 0.000000 0.000000
32 1614145552 17887.200000 -1.000000 -101.000000 0.000000 0.000000
32 1614145553 17887.200000 -1.000000 -101.000000 0.000000 0.000000
32 1614145554 17887.200000 -1.000000 -101.000000 0.000000 0.000000
32 1614145555 19686.800000 -1.000000 -101.000000 0.000000 0.000000
32 1614145556 19686.800000 -1.000000 -101.000000 0.000000 0.000000
32 1614145557 19686.800000 -1.000000 -101.000000 0.000000 0.000000
32 1614145558 19686.800000 -1.000000 -101.000000 0.000000 0.000000
32 1614145559 19686.800000 -1.000000 -101.000000 0.000000 0.000000
32 1614145560 20713.200000 -1.000000 -101.000000 0.000000 0.000000
32 1614145561 20713.200000 -1.000000 -101.000000 0.000000 0.000000
32 1614145562 20713.200000 -1.000000 -101.000000 0.000000 0.000000
32 1614145563 20713.200000 -1.000000 -101.000000 0.000000 0.000000
32 1614145564 20713.200000 -1.000000 -101.000000 0.000000 0.000000
32 1614145565 16329.000000 -1.000000 -101.000000 0.000000 0.000000
32 1614145566 16329.000000 -1.000000 -101.000000 0.000000 0.000000
32 1614145567 16329.000000 -1.000000 -101.000000 0.000000 0.000000
32 1614145568 16329.000000 -1.000000 -101.000000 0.000000 0.000000
32 1614145569 16329.000000 -1.000000 -101.000000 0.000000 0.000000
32 1614145570 27647.200000 -1.000000 -101.000000 0.000000 0.000000
32 1614145571 27647.200000 -1.000000 -101.000000 0.000000 0.000000
32 1614145572 27647.200000 -1.000000 -101.000000 0.000000 0.000000
32 1614145573 27647.200000 -1.000000 -101.000000 0.000000 0.000000
32 1614145574 27647.200000 -1.000000 -101.000000 0.000000 0.000000
32 1614145575 165720.800000 -1.000000 -101.000000 0.000000 0.000000
32 1614145576 165720.800000 -1.000000 -101.000000 0.000000 0.000000
32 1614145577 165720.800000 -1.000000 -101.000000 0.000000 0.000000
32 1614145578 165720.800000 -1.000000 -101.000000 0.000000 0.000000
32 1614145579 165720.800000 -1.000000 -101.000000 0.000000 0.000000
32 1614145580 8236.600000 -1.000000 -101.000000 0.000000 0.000000
32 1614145581 8236.600000 -1.000000 -101.000000 0.000000 0.000000
32 1614145582 8236.600000 -1.000000 -101.000000 0.000000 0.000000
32 1614145583 8236.600000 -1.000000 -101.000000 0.000000 0.000000
32 1614145584 8236.600000 -1.000000 -101.000000 0.000000 0.000000
32 1614145585 363712.200000 -1.000000 -101.000000 0.000000 0.000000
32 1614145586 363712.200000 -1.000000 -101.000000 0.000000 0.000000
32 1614145587 363712.200000 -1.000000 -101.000000 0.000000 0.000000
32 1614145588 363712.200000 -1.000000 -101.000000 0.000000 0.000000
32 1614145589 363712.200000 -1.000000 -101.000000 0.000000 0.000000
32 1614145590 127400.400000 -1.000000 -101.000000 0.000000 0.000000
32 1614145591 127400.400000 -1.000000 -101.000000 0.000000 0.000000
32 1614145592 127400.400000 -1.000000 -101.000000 0.000000 0.000000
32 1614145593 127400.400000 -1.000000 -101.000000 0.000000 0.000000
32 1614145594 127400.400000 -1.000000 -101.000000 0.000000 0.000000
32 1614145595 114762.600000 -1.000000 -101.000000 0.000000 0.000000
32 1614145596 114762.600000 -1.000000 -101.000000 0.000000 0.000000
32 1614145597 114762.600000 -1.000000 -101.000000 0.000000 0.000000
32 1614145598 114762.600000 -1.000000 -101.000000 0.000000 0.000000
32 1614145599 114762.600000 -1.000000 -101.000000 0.000000 0.000000
32 1614145600 414795.200000 -1.000000 -101.000000 0.000000 0.000000
32 1614145601 414795.200000 -1.000000 -101.000000 0.000000 0.000000
32 1614145602 414795.200000 -1.000000 -101.000000 0.000000 0.000000
32 1614145603 414795.200000 -1.000000 -101.000000 0.000000 0.000000
32 1614145604 414795.200000 -1.000000 -101.000000 0.000000 0.000000
32 1614145605 155962.000000 -1.000000 -101.000000 0.000000 0.000000
32 1614145606 155962.000000 -1.000000 -101.000000 0.000000 0.000000
32 1614145607 155962.000000 -1.000000 -101.000000 0.000000 0.000000
32 1614145608 155962.000000 -1.000000 -101.000000 0.000000 0.000000
32 1614145609 155962.000000 -1.000000 -101.000000 0.000000 0.000000
32 1614145610 71940.400000 -1.000000 -101.000000 0.000000 0.000000
32 1614145611 71940.400000 -1.000000 -101.000000 0.000000 0.000000
32 1614145612 71940.400000 -1.000000 -101.000000 0.000000 0.000000
32 1614145613 71940.400000 -1.000000 -101.000000 0.000000 0.000000
32 1614145614 71940.400000 -1.000000 -101.000000 0.000000 0.000000
32 1614145615 405630.000000 -1.000000 -101.000000 0.000000 0.000000
32 1614145616 405630.000000 -1.000000 -101.000000 0.000000 0.000000
32 1614145617 405630.000000 -1.000000 -101.000000 0.000000 0.000000
32 1614145618 405630.000000 -1.000000 -101.000000 0.000000 0.000000
32 1614145619 405630.000000 -1.000000 -101.000000 0.000000 0.000000
32 1614145620 22536.600000 -1.000000 -101.000000 0.000000 0.000000
32 1614145621 22536.600000 -1.000000 -101.000000 0.000000 0.000000
32 1614145622 22536.600000 -1.000000 -101.000000 0.000000 0.000000
32 1614145623 22536.600000 -1.000000 -101.000000 0.000000 0.000000
32 1614145624 22536.600000 -1.000000 -101.000000 0.000000 0.000000
32 1614145625 22130.000000 -1.000000 -101.000000 0.000000 0.000000
32 1614145626 22130.000000 -1.000000 -101.000000 0.000000 0.000000
32 1614145627 22130.000000 -1.000000 -101.000000 0.000000 0.000000
32 1614145628 22130.000000 -1.000000 -101.000000 0.000000 0.000000
32 1614145629 22130.000000 -1.000000 -101.000000 0.000000 0.000000
32 1614145630 14649.400000 -1.000000 -101.000000 0.000000 0.000000
32 1614145631 14649.400000 -1.000000 -101.000000 0.000000 0.000000
32 1614145632 14649.400000 -1.000000 -101.000000 0.000000 0.000000
32 1614145633 14649.400000 -1.000000 -101.000000 0.000000 0.000000
32 1614145634 14649.400000 -1.000000 -101.000000 0.000000 0.000000
32 1614145635 169084.400000 -1.000000 -101.000000 0.000000 0.000000
32 1614145636 169084.400000 -1.000000 -101.000000 0.000000 0.000000
32 1614145637 169084.400000 -1.000000 -101.000000 0.000000 0.000000
32 1614145638 169084.400000 -1.000000 -101.000000 0.000000 0.000000
32 1614145639 169084.400000 -1.000000 -101.000000 0.000000 0.000000
32 1614145640 201981.400000 -1.000000 -101.000000 0.000000 0.000000
32 1614145641 201981.400000 -1.000000 -101.000000 0.000000 0.000000
32 1614145642 201981.400000 -1.000000 -101.000000 0.000000 0.000000
32 1614145643 201981.400000 -1.000000 -101.000000 0.000000 0.000000
32 1614145644 201981.400000 -1.000000 -101.000000 0.000000 0.000000
32 1614145645 272999.400000 -1.000000 -101.000000 0.000000 0.000000
32 1614145646 272999.400000 -1.000000 -101.000000 0.000000 0.000000
32 1614145647 272999.400000 -1.000000 -101.000000 0.000000 0.000000
32 1614145648 272999.400000 -1.000000 -101.000000 0.000000 0.000000
32 1614145649 272999.400000 -1.000000 -101.000000 0.000000 0.000000
32 1614145650 148285.400000 -1.000000 -101.000000 0.000000 0.000000
32 1614145651 148285.400000 -1.000000 -101.000000 0.000000 0.000000
32 1614145652 148285.400000 -1.000000 -101.000000 0.000000 0.000000
32 1614145653 148285.400000 -1.000000 -101.000000 0.000000 0.000000
32 1614145654 148285.400000 -1.000000 -101.000000 0.000000 0.000000
32 1614145655 82330.400000 -1.000000 -101.000000 0.000000 0.000000
32 1614145656 82330.400000 -1.000000 -101.000000 0.000000 0.000000
32 1614145657 82330.400000 -1.000000 -101.000000 0.000000 0.000000
32 1614145658 82330.400000 -1.000000 -101.000000 0.000000 0.000000
32 1614145659 82330.400000 -1.000000 -101.000000 0.000000 0.000000
32 1614145660 18036.600000 -1.000000 -101.000000 0.000000 0.000000
32 1614145661 18036.600000 -1.000000 -101.000000 0.000000 0.000000
32 1614145662 18036.600000 -1.000000 -101.000000 0.000000 0.000000
32 1614145663 18036.600000 -1.000000 -101.000000 0.000000 0.000000
32 1614145664 18036.600000 -1.000000 -101.000000 0.000000 0.000000
32 1614145665 274415.000000 -1.000000 -101.000000 0.000000 0.000000
32 1614145666 274415.000000 -1.000000 -101.000000 0.000000 0.000000
32 1614145667 274415.000000 -1.000000 -101.000000 0.000000 0.000000
32 1614145668 274415.000000 -1.000000 -101.000000 0.000000 0.000000
32 1614145669 274415.000000 -1.000000 -101.000000 0.000000 0.000000
32 1614145670 20492.200000 -1.000000 -101.000000 0.000000 0.000000
32 1614145671 20492.200000 -1.000000 -101.000000 0.000000 0.000000
32 1614145672 20492.200000 -1.000000 -101.000000 0.000000 0.000000
32 1614145673 20492.200000 -1.000000 -101.000000 0.000000 0.000000
32 1614145674 20492.200000 -1.000000 -101.000000 0.000000 0.000000
32 1614145675 18711.200000 -1.000000 -101.000000 0.000000 0.000000
32 1614145676 18711.200000 -1.000000 -101.000000 0.000000 0.000000
32 1614145677 18711.200000 -1.000000 -101.000000 0.000000 0.000000
32 1614145678 18711.200000 -1.000000 -101.000000 0.000000 0.000000
32 1614145679 18711.200000 -1.000000 -101.000000 0.000000 0.000000
32 1614145680 170349.200000 -1.000000 -101.000000 0.000000 0.000000
32 1614145681 170349.200000 -1.000000 -101.000000 0.000000 0.000000
32 1614145682 170349.200000 -1.000000 -101.000000 0.000000 0.000000
32 1614145683 170349.200000 -1.000000 -101.000000 0.000000 0.000000
32 1614145684 170349.200000 -1.000000 -101.000000 0.000000 0.000000
32 1614145685 64101.000000 -1.000000 -101.000000 0.000000 0.000000
32 1614145686 64101.000000 -1.000000 -101.000000 0.000000 0.000000
32 1614145687 64101.000000 -1.000000 -101.000000 0.000000 0.000000
32 1614145688 64101.000000 -1.000000 -101.000000 0.000000 0.000000
32 1614145689 64101.000000 -1.000000 -101.000000 0.000000 0.000000
32 1614145690 315678.600000 -1.000000 -101.000000 0.000000 0.000000
32 1614145691 315678.600000 -1.000000 -101.000000 0.000000 0.000000
32 1614145692 315678.600000 -1.000000 -101.000000 0.000000 0.000000
32 1614145693 315678.600000 -1.000000 -101.000000 0.000000 0.000000
32 1614145694 315678.600000 -1.000000 -101.000000 0.000000 0.000000
32 1614145695 112487.800000 -1.000000 -101.000000 0.000000 0.000000
32 1614145696 112487.800000 -1.000000 -101.000000 0.000000 0.000000
32 1614145697 112487.800000 -1.000000 -101.000000 0.000000 0.000000
32 1614145698 112487.800000 -1.000000 -101.000000 0.000000 0.000000
32 1614145699 112487.800000 -1.000000 -101.000000 0.000000 0.000000
32 1614145700 375905.800000 -1.000000 -101.000000 0.000000 0.000000
32 1614145701 375905.800000 -1.000000 -101.000000 0.000000 0.000000
32 1614145702 375905.800000 -1.000000 -101.000000 0.000000 0.000000
32 1614145703 375905.800000 -1.000000 -101.000000 0.000000 0.000000
32 1614145704 375905.800000 -1.000000 -101.000000 0.000000 0.000000
32 1614145705 63286.200000 -1.000000 -101.000000 0.000000 0.000000
32 1614145706 63286.200000 -1.000000 -101.000000 0.000000 0.000000
32 1614145707 63286.200000 -1.000000 -101.000000 0.000000 0.000000
32 1614145708 63286.200000 -1.000000 -101.000000 0.000000 0.000000
32 1614145709 63286.200000 -1.000000 -101.000000 0.000000 0.000000
32 1614145710 560963.800000 -1.000000 -101.000000 0.000000 0.000000
32 1614145711 560963.800000 -1.000000 -101.000000 0.000000 0.000000
32 1614145712 560963.800000 -1.000000 -101.000000 0.000000 0.000000
32 1614145713 560963.800000 -1.000000 -101.000000 0.000000 0.000000
32 1614145714 560963.800000 -1.000000 -101.000000 0.000000 0.000000
32 1614145715 114285.400000 -1.000000 -101.000000 0.000000 0.000000
32 1614145716 114285.400000 -1.000000 -101.000000 0.000000 0.000000
32 1614145717 114285.400000 -1.000000 -101.000000 0.000000 0.000000
32 1614145718 114285.400000 -1.000000 -101.000000 0.000000 0.000000
32 1614145719 114285.400000 -1.000000 -101.000000 0.000000 0.000000
32 1614145720 218385.400000 -1.000000 -101.000000 0.000000 0.000000
32 1614145721 218385.400000 -1.000000 -101.000000 0.000000 0.000000
32 1614145722 218385.400000 -1.000000 -101.000000 0.000000 0.000000
32 1614145723 218385.400000 -1.000000 -101.000000 0.000000 0.000000
32 1614145724 218385.400000 -1.000000 -101.000000 0.000000 0.000000
32 1614145725 111458.200000 -1.000000 -101.000000 0.000000 0.000000
32 1614145726 111458.200000 -1.000000 -101.000000 0.000000 0.000000
32 1614145727 111458.200000 -1.000000 -101.000000 0.000000 0.000000
32 1614145728 111458.200000 -1.000000 -101.000000 0.000000 0.000000
32 1614145729 111458.200000 -1.000000 -101.000000 0.000000 0.000000
32 1614145730 211921.800000 -1.000000 -101.000000 0.000000 0.000000
32 1614145731 211921.800000 -1.000000 -101.000000 0.000000 0.000000
32 1614145732 211921.800000 -1.000000 -101.000000 0.000000 0.000000
32 1614145733 211921.800000 -1.000000 -101.000000 0.000000 0.000000
32 1614145734 211921.800000 -1.000000 -101.000000 0.000000 0.000000
32 1614145735 24129.200000 -1.000000 -101.000000 0.000000 0.000000
32 1614145736 24129.200000 -1.000000 -101.000000 0.000000 0.000000
32 1614145737 24129.200000 -1.000000 -101.000000 0.000000 0.000000
32 1614145738 24129.200000 -1.000000 -101.000000 0.000000 0.000000
32 1614145739 24129.200000 -1.000000 -101.000000 0.000000 0.000000
32 1614145740 119390.000000 -1.000000 -101.000000 0.000000 0.000000
32 1614145741 119390.000000 -1.000000 -101.000000 0.000000 0.000000
32 1614145742 119390.000000 -1.000000 -101.000000 0.000000 0.000000
32 1614145743 119390.000000 -1.000000 -101.000000 0.000000 0.000000
32 1614145744 119390.000000 -1.000000 -101.000000 0.000000 0.000000
32 1614145745 12920.400000 -1.000000 -101.000000 0.000000 0.000000
32 1614145746 12920.400000 -1.000000 -101.000000 0.000000 0.000000
32 1614145747 12920.400000 -1.000000 -101.000000 0.000000 0.000000
32 1614145748 12920.400000 -1.000000 -101.000000 0.000000 0.000000
32 1614145749 12920.400000 -1.000000 -101.000000 0.000000 0.000000
32 1614145750 19485.600000 -1.000000 -101.000000 0.000000 0.000000
32 1614145751 19485.600000 -1.000000 -101.000000 0.000000 0.000000
32 1614145752 19485.600000 -1.000000 -101.000000 0.000000 0.000000
32 1614145753 19485.600000 -1.000000 -101.000000 0.000000 0.000000
32 1614145754 19485.600000 -1.000000 -101.000000 0.000000 0.000000
32 1614145755 116384.600000 -1.000000 -101.000000 0.000000 0.000000
32 1614145756 116384.600000 -1.000000 -101.000000 0.000000 0.000000
32 1614145757 116384.600000 -1.000000 -101.000000 0.000000 0.000000
32 1614145758 116384.600000 -1.000000 -101.000000 0.000000 0.000000
32 1614145759 116384.600000 -1.000000 -101.000000 0.000000 0.000000
32 1614145760 24151.800000 -1.000000 -101.000000 0.000000 0.000000
32 1614145761 24151.800000 -1.000000 -101.000000 0.000000 0.000000
32 1614145762 24151.800000 -1.000000 -101.000000 0.000000 0.000000
32 1614145763 24151.800000 -1.000000 -101.000000 0.000000 0.000000
32 1614145764 24151.800000 -1.000000 -101.000000 0.000000 0.000000
32 1614145765 22420.200000 -1.000000 -101.000000 0.000000 0.000000
32 1614145766 22420.200000 -1.000000 -101.000000 0.000000 0.000000
32 1614145767 22420.200000 -1.000000 -101.000000 0.000000 0.000000
32 1614145768 22420.200000 -1.000000 -101.000000 0.000000 0.000000
32 1614145769 22420.200000 -1.000000 -101.000000 0.000000 0.000000
32 1614145770 28833.800000 -1.000000 -101.000000 0.000000 0.000000
32 1614145771 28833.800000 -1.000000 -101.000000 0.000000 0.000000
32 1614145772 28833.800000 -1.000000 -101.000000 0.000000 0.000000
32 1614145773 28833.800000 -1.000000 -101.000000 0.000000 0.000000
32 1614145774 28833.800000 -1.000000 -101.000000 0.000000 0.000000
32 1614145775 208668.400000 -1.000000 -101.000000 0.000000 0.000000
32 1614145776 208668.400000 -1.000000 -101.000000 0.000000 0.000000
32 1614145777 208668.400000 -1.000000 -101.000000 0.000000 0.000000
32 1614145778 208668.400000 -1.000000 -101.000000 0.000000 0.000000
32 1614145779 208668.400000 -1.000000 -101.000000 0.000000 0.000000
32 1614145780 171179.600000 -1.000000 -101.000000 0.000000 0.000000
32 1614145781 171179.600000 -1.000000 -101.000000 0.000000 0.000000
32 1614145782 171179.600000 -1.000000 -101.000000 0.000000 0.000000
32 1614145783 171179.600000 -1.000000 -101.000000 0.000000 0.000000
32 1614145784 171179.600000 -1.000000 -101.000000 0.000000 0.000000
32 1614145785 14063.600000 -1.000000 -101.000000 0.000000 0.000000
32 1614145786 14063.600000 -1.000000 -101.000000 0.000000 0.000000
32 1614145787 14063.600000 -1.000000 -101.000000 0.000000 0.000000
32 1614145788 14063.600000 -1.000000 -101.000000 0.000000 0.000000
32 1614145789 14063.600000 -1.000000 -101.000000 0.000000 0.000000
32 1614145790 56184.000000 -1.000000 -101.000000 0.000000 0.000000
32 1614145791 56184.000000 -1.000000 -101.000000 0.000000 0.000000
32 1614145792 56184.000000 -1.000000 -101.000000 0.000000 0.000000
32 1614145793 56184.000000 -1.000000 -101.000000 0.000000 0.000000
32 1614145794 56184.000000 -1.000000 -101.000000 0.000000 0.000000
32 1614145795 13476.200000 -1.000000 -101.000000 0.000000 0.000000
32 1614145796 13476.200000 -1.000000 -101.000000 0.000000 0.000000
32 1614145797 13476.200000 -1.000000 -101.000000 0.000000 0.000000
32 1614145798 13476.200000 -1.000000 -101.000000 0.000000 0.000000
32 1614145799 13476.200000 -1.000000 -101.000000 0.000000 0.000000
32 1614145800 22116.800000 -1.000000 -101.000000 0.000000 0.000000
32 1614145801 22116.800000 -1.000000 -101.000000 0.000000 0.000000
32 1614145802 22116.800000 -1.000000 -101.000000 0.000000 0.000000
32 1614145803 22116.800000 -1.000000 -101.000000 0.000000 0.000000
32 1614145804 22116.800000 -1.000000 -101.000000 0.000000 0.000000
32 1614145805 64385.000000 -1.000000 -101.000000 0.000000 0.000000
32 1614145806 64385.000000 -1.000000 -101.000000 0.000000 0.000000
32 1614145807 64385.000000 -1.000000 -101.000000 0.000000 0.000000
32 1614145808 64385.000000 -1.000000 -101.000000 0.000000 0.000000
32 1614145809 64385.000000 -1.000000 -101.000000 0.000000 0.000000
32 1614145810 113918.800000 -1.000000 -101.000000 0.000000 0.000000
32 1614145811 113918.800000 -1.000000 -101.000000 0.000000 0.000000
32 1614145812 113918.800000 -1.000000 -101.000000 0.000000 0.000000
32 1614145813 113918.800000 -1.000000 -101.000000 0.000000 0.000000
32 1614145814 113918.800000 -1.000000 -101.000000 0.000000 0.000000
32 1614145815 58628.600000 -1.000000 -101.000000 0.000000 0.000000
32 1614145878 1703.000000 -1.000000 1703.000000 1703.000000 0.000000
32 1614145877 1703.000000 -1.000000 1703.000000 1703.000000 0.000000
32 1614145876 1703.000000 -1.000000 1703.000000 1703.000000 0.000000
32 1614145875 1703.000000 -1.000000 1703.000000 1703.000000 0.000000
32 1614145874 2727.000000 -1.000000 2727.000000 2727.000000 0.000000
32 1614145873 2727.000000 -1.000000 2727.000000 2727.000000 0.000000
32 1614145872 2727.000000 -1.000000 2727.000000 2727.000000 0.000000
32 1614145871 2727.000000 -1.000000 2727.000000 2727.000000 0.000000
32 1614145870 2727.000000 -1.000000 2727.000000 2727.000000 0.000000
32 1614145864 1363.200000 -1.000000 1363.200000 1363.200000 0.000000
32 1614145863 1363.200000 -1.000000 1363.200000 1363.200000 0.000000
32 1614145862 1363.200000 -1.000000 1363.200000 1363.200000 0.000000
32 1614145861 1363.200000 -1.000000 1363.200000 1363.200000 0.000000
32 1614145860 1363.200000 -1.000000 1363.200000 1363.200000 0.000000
32 1614145859 596.600000 -1.000000 596.600000 596.600000 0.000000
32 1614145858 596.600000 -1.000000 596.600000 596.600000 0.000000
32 1614145857 596.600000 -1.000000 596.600000 596.600000 0.000000
32 1614145856 596.600000 -1.000000 596.600000 596.600000 0.000000
32 1614145855 596.600000 -1.000000 596.600000 596.600000 0.000000
32 1614145854 3328.200000 -1.000000 3328.200000 3328.200000 0.000000
32 1614145853 3328.200000 -1.000000 3328.200000 3328.200000 0.000000
32 1614145852 3328.200000 -1.000000 3328.200000 3328.200000 0.000000
32 1614145851 3328.200000 -1.000000 3328.200000 3328.200000 0.000000
32 1614145850 3328.200000 -1.000000 3328.200000 3328.200000 0.000000
32 1614145849 1544.400000 -1.000000 1544.400000 1544.400000 0.000000
32 1614145848 1544.400000 -1.000000 1544.400000 1544.400000 0.000000
32 1614145847 1544.400000 -1.000000 1544.400000 1544.400000 0.000000
32 1614145846 1544.400000 -1.000000 1544.400000 1544.400000 0.000000
32 1614145845 1544.400000 -1.000000 1544.400000 1544.400000 0.000000
32 1614145844 6048.800000 -1.000000 6048.800000 6048.800000 0.000000
32 1614145843 6048.800000 -1.000000 6048.800000 6048.800000 0.000000
32 1614145842 6048.800000 -1.000000 6048.800000 6048.800000 0.000000
32 1614145841 6048.800000 -1.000000 6048.800000 6048.800000 0.000000
32 1614145840 6048.800000 -1.000000 6048.800000 6048.800000 0.000000
32 1614145839 12069.000000 -1.000000 12069.000000 12069.000000 0.000000
32 1614145838 12069.000000 -1.000000 12069.000000 12069.000000 0.000000
32 1614145837 12069.000000 -1.000000 12069.000000 12069.000000 0.000000
32 1614145836 12069.000000 -1.000000 12069.000000 12069.000000 0.000000
32 1614145835 12069.000000 -1.000000 12069.000000 12069.000000 0.000000
32 1614145834 4201.600000 -1.000000 4201.600000 4201.600000 0.000000
32 1614145833 4201.600000 -1.000000 4201.600000 4201.600000 0.000000
32 1614145832 4201.600000 -1.000000 4201.600000 4201.600000 0.000000
32 1614145831 4201.600000 -1.000000 4201.600000 4201.600000 0.000000
32 1614145830 4201.600000 -1.000000 4201.600000 4201.600000 0.000000
32 1614145829 5740.600000 -1.000000 5740.600000 5740.600000 0.000000
32 1614145828 5740.600000 -1.000000 5740.600000 5740.600000 0.000000
32 1614145827 5740.600000 -1.000000 5740.600000 5740.600000 0.000000
32 1614145826 5740.600000 -1.000000 5740.600000 5740.600000 0.000000
32 1614145825 5740.600000 -1.000000 5740.600000 5740.600000 0.000000
32 1614145824 7030.400000 -1.000000 7030.400000 7030.400000 0.000000
32 1614145823 7030.400000 -1.000000 7030.400000 7030.400000 0.000000
32 1614145822 7030.400000 -1.000000 7030.400000 7030.400000 0.000000
32 1614145821 7030.400000 -1.000000 7030.400000 7030.400000 0.000000
32 1614145820 7030.400000 -1.000000 7030.400000 7030.400000 0.000000
32 1614145819 58628.600000 -1.000000 58628.600000 58628.600000 0.000000
32 1614145818 58628.600000 -1.000000 58628.600000 58628.600000 0.000000
32 1614145817 58628.600000 -1.000000 58628.600000 58628.600000 0.000000
32 1614145816 58628.600000 -1.000000 58628.600000 58628.600000 0.000000
