22 1614145415 0.000246 1.400000 0.000150 0.000385 0.000000
22 1614145416 0.000246 1.400000 0.000150 0.000385 0.000000
22 1614145417 0.000246 1.400000 0.000150 0.000385 0.000000
22 1614145418 0.000246 1.400000 0.000150 0.000385 0.000000
22 1614145419 0.000246 1.400000 0.000150 0.000385 0.000000
22 1614145420 0.000202 1.400000 0.000142 0.000251 0.000000
22 1614145421 0.000202 1.400000 0.000142 0.000251 0.000000
22 1614145422 0.000202 1.400000 0.000142 0.000251 0.000000
22 1614145423 0.000202 1.400000 0.000142 0.000251 0.000000
22 1614145424 0.000202 1.400000 0.000142 0.000251 0.000000
22 1614145425 0.000176 1.400000 0.000139 0.000252 0.000000
22 1614145426 0.000176 1.400000 0.000139 0.000252 0.000000
22 1614145427 0.000176 1.400000 0.000139 0.000252 0.000000
22 1614145428 0.000176 1.400000 0.000139 0.000252 0.000000
22 1614145429 0.000176 1.400000 0.000139 0.000252 0.000000
22 1614145430 0.000182 1.400000 0.000143 0.000275 0.000000
22 1614145431 0.000182 1.400000 0.000143 0.000275 0.000000
22 1614145432 0.000182 1.400000 0.000143 0.000275 0.000000
22 1614145433 0.000182 1.400000 0.000143 0.000275 0.000000
22 1614145434 0.000182 1.400000 0.000143 0.000275 0.000000
42 1614145435 20.139542 1.000000 20.120786 20.156065 405.601335
22 1614145435 0.000185 1.400000 0.000148 0.000229 0.000000
42 1614145436 20.139542 1.000000 20.120786 20.156065 405.601335
22 1614145436 0.000185 1.400000 0.000148 0.000229 0.000000
42 1614145437 20.139542 1.000000 20.120786 20.156065 405.601335
22 1614145437 0.000185 1.400000 0.000148 0.000229 0.000000
42 1614145438 20.139542 1.000000 20.120786 20.156065 405.601335
22 1614145438 0.000185 1.400000 0.000148 0.000229 0.000000
42 1614145439 20.139542 1.000000 20.120786 20.156065 405.601335
22 1614145439 0.000185 1.400000 0.000148 0.000229 0.000000
42 1614145440 25.025205 0.400000 25.024195 25.026215 250.504355
22 1614145440 0.000184 1.400000 0.000147 0.000278 0.000000
42 1614145441 25.025205 0.400000 25.024195 25.026215 250.504355
22 1614145441 0.000184 1.400000 0.000147 0.000278 0.000000
42 1614145442 25.025205 0.400000 25.024195 25.026215 250.504355
22 1614145442 0.000184 1.400000 0.000147 0.000278 0.000000
42 1614145443 25.025205 0.400000 25.024195 25.026215 250.504355
22 1614145443 0.000184 1.400000 0.000147 0.000278 0.000000
42 1614145444 25.025205 0.400000 25.024195 25.026215 250.504355
22 1614145444 0.000184 1.400000 0.000147 0.000278 0.000000
42 1614145445 27.144337 0.600000 27.118370 27.165451 442.089258
22 1614145445 0.000243 1.000000 0.000152 0.000336 0.000000
42 1614145446 27.144337 0.600000 27.118370 27.165451 442.089258
22 1614145446 0.000243 1.000000 0.000152 0.000336 0.000000
42 1614145447 27.144337 0.600000 27.118370 27.165451 442.089258
22 1614145447 0.000243 1.000000 0.000152 0.000336 0.000000
42 1614145448 27.144337 0.600000 27.118370 27.165451 442.089258
42 1614145449 27.144337 0.600000 27.118370 27.165451 442.089258
22 1614145448 0.000243 1.000000 0.000152 0.000336 0.000000
22 1614145449 0.000243 1.000000 0.000152 0.000336 0.000000
42 1614145450 30.347559 0.800000 30.116372 30.991559 736.890143
22 1614145450 0.000170 0.600000 0.000146 0.000210 0.000000
42 1614145451 30.347559 0.800000 30.116372 30.991559 736.890143
22 1614145451 0.000170 0.600000 0.000146 0.000210 0.000000
42 1614145452 30.347559 0.800000 30.116372 30.991559 736.890143
22 1614145452 0.000170 0.600000 0.000146 0.000210 0.000000
42 1614145453 30.347559 0.800000 30.116372 30.991559 736.890143
22 1614145453 0.000170 0.600000 0.000146 0.000210 0.000000
42 1614145454 30.347559 0.800000 30.116372 30.991559 736.890143
22 1614145454 0.000170 0.600000 0.000146 0.000210 0.000000
42 1614145455 32.307017 1.400000 31.165734 33.206713 1462.161411
42 1614145456 32.307017 1.400000 31.165734 33.206713 1462.161411
42 1614145457 32.307017 1.400000 31.165734 33.206713 1462.161411
42 1614145458 32.307017 1.400000 31.165734 33.206713 1462.161411
42 1614145459 32.307017 1.400000 31.165734 33.206713 1462.161411
42 1614145460 33.243321 0.200000 33.243321 33.243321 221.023677
42 1614145461 33.243321 0.200000 33.243321 33.243321 221.023677
42 1614145462 33.243321 0.200000 33.243321 33.243321 221.023677
42 1614145463 33.243321 0.200000 33.243321 33.243321 221.023677
42 1614145464 33.243321 0.200000 33.243321 33.243321 221.023677
42 1614145465 35.122150 1.200000 34.206884 36.324399 1480.905798
42 1614145466 35.122150 1.200000 34.206884 36.324399 1480.905798
42 1614145467 35.122150 1.200000 34.206884 36.324399 1480.905798
42 1614145468 35.122150 1.200000 34.206884 36.324399 1480.905798
42 1614145469 35.122150 1.200000 34.206884 36.324399 1480.905798
42 1614145470 37.073519 0.800000 36.203131 38.397617 1100.188701
42 1614145471 37.073519 0.800000 36.203131 38.397617 1100.188701
42 1614145472 37.073519 0.800000 36.203131 38.397617 1100.188701
42 1614145473 37.073519 0.800000 36.203131 38.397617 1100.188701
42 1614145474 37.073519 0.800000 36.203131 38.397617 1100.188701
42 1614145475 39.260797 0.600000 39.122107 39.368327 924.852445
42 1614145476 39.260797 0.600000 39.122107 39.368327 924.852445
42 1614145477 39.260797 0.600000 39.122107 39.368327 924.852445
42 1614145478 39.260797 0.600000 39.122107 39.368327 924.852445
42 1614145479 39.260797 0.600000 39.122107 39.368327 924.852445
42 1614145480 35.884376 1.400000 34.365792 37.369404 1804.520432
42 1614145481 35.884376 1.400000 34.365792 37.369404 1804.520432
42 1614145482 35.884376 1.400000 34.365792 37.369404 1804.520432
42 1614145483 35.884376 1.400000 34.365792 37.369404 1804.520432
42 1614145484 35.884376 1.400000 34.365792 37.369404 1804.520432
47 1614145485 24.786428 1.000000 24.087684 26.017611 614.976506
42 1614145485 28.306374 0.400000 28.286063 28.326685 320.500490
47 1614145486 24.786428 1.000000 24.087684 26.017611 614.976506
42 1614145486 28.306374 0.400000 28.286063 28.326685 320.500490
47 1614145487 24.786428 1.000000 24.087684 26.017611 614.976506
42 1614145487 28.306374 0.400000 28.286063 28.326685 320.500490
47 1614145488 24.786428 1.000000 24.087684 26.017611 614.976506
42 1614145488 28.306374 0.400000 28.286063 28.326685 320.500490
47 1614145489 24.786428 1.000000 24.087684 26.017611 614.976506
42 1614145489 28.306374 0.400000 28.286063 28.326685 320.500490
42 1614145490 36.091489 0.600000 35.638958 36.330760 781.618864
50 1614145490 75.752437 1.000000 75.702520 75.832593 5738.434681
42 1614145491 36.091489 0.600000 35.638958 36.330760 781.618864
50 1614145491 75.752437 1.000000 75.702520 75.832593 5738.434681
42 1614145492 36.091489 0.600000 35.638958 36.330760 781.618864
50 1614145492 75.752437 1.000000 75.702520 75.832593 5738.434681
42 1614145493 36.091489 0.600000 35.638958 36.330760 781.618864
50 1614145493 75.752437 1.000000 75.702520 75.832593 5738.434681
42 1614145494 36.091489 0.600000 35.638958 36.330760 781.618864
50 1614145494 75.752437 1.000000 75.702520 75.832593 5738.434681
42 1614145495 35.406863 0.200000 35.406863 35.406863 250.729189
42 1614145496 35.406863 0.200000 35.406863 35.406863 250.729189
42 1614145497 35.406863 0.200000 35.406863 35.406863 250.729189
42 1614145498 35.406863 0.200000 35.406863 35.406863 250.729189
42 1614145499 35.406863 0.200000 35.406863 35.406863 250.729189
47 1614145500 23.763550 0.600000 20.087188 26.083736 342.971419
42 1614145500 37.447639 0.400000 37.367808 37.527469 560.932801
47 1614145501 23.763550 0.600000 20.087188 26.083736 342.971419
42 1614145501 37.447639 0.400000 37.367808 37.527469 560.932801
47 1614145502 23.763550 0.600000 20.087188 26.083736 342.971419
42 1614145502 37.447639 0.400000 37.367808 37.527469 560.932801
47 1614145503 23.763550 0.600000 20.087188 26.083736 342.971419
42 1614145503 37.447639 0.400000 37.367808 37.527469 560.932801
47 1614145504 23.763550 0.600000 20.087188 26.083736 342.971419
42 1614145504 37.447639 0.400000 37.367808 37.527469 560.932801
47 1614145505 20.108175 2.400000 20.094290 20.128008 970.413125
50 1614145505 89.876730 0.600000 88.236365 90.697493 4847.503167
47 1614145506 20.108175 2.400000 20.094290 20.128008 970.413125
50 1614145506 89.876730 0.600000 88.236365 90.697493 4847.503167
47 1614145507 20.108175 2.400000 20.094290 20.128008 970.413125
50 1614145507 89.876730 0.600000 88.236365 90.697493 4847.503167
47 1614145508 20.108175 2.400000 20.094290 20.128008 970.413125
50 1614145508 89.876730 0.600000 88.236365 90.697493 4847.503167
47 1614145509 20.108175 2.400000 20.094290 20.128008 970.413125
50 1614145509 89.876730 0.600000 88.236365 90.697493 4847.503167
47 1614145510 20.086684 0.800000 20.080065 20.093138 322.779901
50 1614145510 89.030605 2.400000 83.027532 93.463939 19074.179466
50 1614145511 89.030605 2.400000 83.027532 93.463939 19074.179466
47 1614145511 20.086684 0.800000 20.080065 20.093138 322.779901
47 1614145512 20.086684 0.800000 20.080065 20.093138 322.779901
50 1614145512 89.030605 2.400000 83.027532 93.463939 19074.179466
47 1614145513 20.086684 0.800000 20.080065 20.093138 322.779901
47 1614145514 20.086684 0.800000 20.080065 20.093138 322.779901
50 1614145513 89.030605 2.400000 83.027532 93.463939 19074.179466
50 1614145514 89.030605 2.400000 83.027532 93.463939 19074.179466
47 1614145515 23.470842 1.000000 20.393061 24.389960 553.263114
50 1614145515 86.476874 0.400000 83.888788 89.064961 2993.979204
47 1614145516 23.470842 1.000000 20.393061 24.389960 553.263114
50 1614145516 86.476874 0.400000 83.888788 89.064961 2993.979204
47 1614145517 23.470842 1.000000 20.393061 24.389960 553.263114
50 1614145517 86.476874 0.400000 83.888788 89.064961 2993.979204
47 1614145518 23.470842 1.000000 20.393061 24.389960 553.263114
50 1614145518 86.476874 0.400000 83.888788 89.064961 2993.979204
47 1614145519 23.470842 1.000000 20.393061 24.389960 553.263114
50 1614145519 86.476874 0.400000 83.888788 89.064961 2993.979204
47 1614145520 24.437299 1.200000 24.249566 25.094254 716.723496
42 1614145520 25.517347 1.000000 25.296575 25.964920 651.189842
50 1614145520 91.414718 0.600000 85.059953 99.003368 5033.889015
47 1614145521 24.437299 1.200000 24.249566 25.094254 716.723496
42 1614145521 25.517347 1.000000 25.296575 25.964920 651.189842
50 1614145521 91.414718 0.600000 85.059953 99.003368 5033.889015
47 1614145522 24.437299 1.200000 24.249566 25.094254 716.723496
42 1614145522 25.517347 1.000000 25.296575 25.964920 651.189842
50 1614145522 91.414718 0.600000 85.059953 99.003368 5033.889015
47 1614145523 24.437299 1.200000 24.249566 25.094254 716.723496
42 1614145523 25.517347 1.000000 25.296575 25.964920 651.189842
50 1614145523 91.414718 0.600000 85.059953 99.003368 5033.889015
47 1614145524 24.437299 1.200000 24.249566 25.094254 716.723496
42 1614145524 25.517347 1.000000 25.296575 25.964920 651.189842
50 1614145524 91.414718 0.600000 85.059953 99.003368 5033.889015
47 1614145525 23.192317 1.800000 20.703882 24.946896 972.906516
50 1614145525 97.107834 2.000000 92.558809 102.791411 18904.787655
47 1614145526 23.192317 1.800000 20.703882 24.946896 972.906516
50 1614145526 97.107834 2.000000 92.558809 102.791411 18904.787655
47 1614145527 23.192317 1.800000 20.703882 24.946896 972.906516
50 1614145527 97.107834 2.000000 92.558809 102.791411 18904.787655
47 1614145528 23.192317 1.800000 20.703882 24.946896 972.906516
50 1614145528 97.107834 2.000000 92.558809 102.791411 18904.787655
47 1614145529 23.192317 1.800000 20.703882 24.946896 972.906516
50 1614145529 97.107834 2.000000 92.558809 102.791411 18904.787655
42 1614145530 23.276511 0.400000 23.099862 23.453161 216.730876
50 1614145530 93.607138 0.400000 93.417124 93.797151 3504.932932
42 1614145531 23.276511 0.400000 23.099862 23.453161 216.730876
50 1614145531 93.607138 0.400000 93.417124 93.797151 3504.932932
42 1614145532 23.276511 0.400000 23.099862 23.453161 216.730876
50 1614145532 93.607138 0.400000 93.417124 93.797151 3504.932932
42 1614145533 23.276511 0.400000 23.099862 23.453161 216.730876
50 1614145533 93.607138 0.400000 93.417124 93.797151 3504.932932
42 1614145534 23.276511 0.400000 23.099862 23.453161 216.730876
50 1614145534 93.607138 0.400000 93.417124 93.797151 3504.932932
42 1614145535 26.232716 0.200000 26.232716 26.232716 137.631079
50 1614145535 94.974383 1.400000 92.567621 97.673698 12632.866842
42 1614145536 26.232716 0.200000 26.232716 26.232716 137.631079
50 1614145536 94.974383 1.400000 92.567621 97.673698 12632.866842
42 1614145537 26.232716 0.200000 26.232716 26.232716 137.631079
50 1614145537 94.974383 1.400000 92.567621 97.673698 12632.866842
42 1614145538 26.232716 0.200000 26.232716 26.232716 137.631079
50 1614145538 94.974383 1.400000 92.567621 97.673698 12632.866842
42 1614145539 26.232716 0.200000 26.232716 26.232716 137.631079
50 1614145539 94.974383 1.400000 92.567621 97.673698 12632.866842
42 1614145540 29.109763 0.800000 29.034216 29.199732 677.905484
42 1614145541 29.109763 0.800000 29.034216 29.199732 677.905484
42 1614145542 29.109763 0.800000 29.034216 29.199732 677.905484
42 1614145543 29.109763 0.800000 29.034216 29.199732 677.905484
42 1614145544 29.109763 0.800000 29.034216 29.199732 677.905484
42 1614145545 30.731918 1.600000 30.277437 32.220206 1511.799417
42 1614145546 30.731918 1.600000 30.277437 32.220206 1511.799417
42 1614145547 30.731918 1.600000 30.277437 32.220206 1511.799417
42 1614145548 30.731918 1.600000 30.277437 32.220206 1511.799417
42 1614145549 30.731918 1.600000 30.277437 32.220206 1511.799417
42 1614145550 30.800582 0.400000 30.769188 30.831976 379.470739
42 1614145551 30.800582 0.400000 30.769188 30.831976 379.470739
42 1614145552 30.800582 0.400000 30.769188 30.831976 379.470739
42 1614145553 30.800582 0.400000 30.769188 30.831976 379.470739
42 1614145554 30.800582 0.400000 30.769188 30.831976 379.470739
47 1614145555 36.710543 0.600000 36.703674 36.714090 808.598373
42 1614145555 30.064365 0.600000 28.884419 31.051993 542.800559
47 1614145556 36.710543 0.600000 36.703674 36.714090 808.598373
42 1614145556 30.064365 0.600000 28.884419 31.051993 542.800559
47 1614145557 36.710543 0.600000 36.703674 36.714090 808.598373
42 1614145557 30.064365 0.600000 28.884419 31.051993 542.800559
47 1614145558 36.710543 0.600000 36.703674 36.714090 808.598373
42 1614145558 30.064365 0.600000 28.884419 31.051993 542.800559
47 1614145559 36.710543 0.600000 36.703674 36.714090 808.598373
42 1614145559 30.064365 0.600000 28.884419 31.051993 542.800559
42 1614145560 30.049789 1.800000 28.919063 30.751480 1625.942073
42 1614145561 30.049789 1.800000 28.919063 30.751480 1625.942073
42 1614145562 30.049789 1.800000 28.919063 30.751480 1625.942073
42 1614145563 30.049789 1.800000 28.919063 30.751480 1625.942073
42 1614145564 30.049789 1.800000 28.919063 30.751480 1625.942073
47 1614145565 30.257780 1.400000 25.865400 36.548047 1311.887236
42 1614145565 30.700034 0.200000 30.700034 30.700034 188.498416
50 1614145565 123.133875 0.600000 123.089922 123.174311 9097.171451
47 1614145566 30.257780 1.400000 25.865400 36.548047 1311.887236
42 1614145566 30.700034 0.200000 30.700034 30.700034 188.498416
50 1614145566 123.133875 0.600000 123.089922 123.174311 9097.171451
47 1614145567 30.257780 1.400000 25.865400 36.548047 1311.887236
42 1614145567 30.700034 0.200000 30.700034 30.700034 188.498416
50 1614145567 123.133875 0.600000 123.089922 123.174311 9097.171451
47 1614145568 30.257780 1.400000 25.865400 36.548047 1311.887236
42 1614145568 30.700034 0.200000 30.700034 30.700034 188.498416
50 1614145568 123.133875 0.600000 123.089922 123.174311 9097.171451
47 1614145569 30.257780 1.400000 25.865400 36.548047 1311.887236
42 1614145569 30.700034 0.200000 30.700034 30.700034 188.498416
50 1614145569 123.133875 0.600000 123.089922 123.174311 9097.171451
42 1614145570 29.416917 0.400000 29.182277 29.651556 346.164015
42 1614145571 29.416917 0.400000 29.182277 29.651556 346.164015
42 1614145572 29.416917 0.400000 29.182277 29.651556 346.164015
42 1614145573 29.416917 0.400000 29.182277 29.651556 346.164015
42 1614145574 29.416917 0.400000 29.182277 29.651556 346.164015
47 1614145575 27.830855 0.200000 27.830855 27.830855 154.911299
42 1614145575 32.345566 0.200000 32.345566 32.345566 209.247128
42 1614145576 32.345566 0.200000 32.345566 32.345566 209.247128
47 1614145576 27.830855 0.200000 27.830855 27.830855 154.911299
47 1614145577 27.830855 0.200000 27.830855 27.830855 154.911299
42 1614145577 32.345566 0.200000 32.345566 32.345566 209.247128
47 1614145578 27.830855 0.200000 27.830855 27.830855 154.911299
47 1614145579 27.830855 0.200000 27.830855 27.830855 154.911299
42 1614145578 32.345566 0.200000 32.345566 32.345566 209.247128
42 1614145579 32.345566 0.200000 32.345566 32.345566 209.247128
47 1614145580 27.671265 0.600000 27.331362 28.286427 459.533288
42 1614145580 33.230398 1.200000 33.029149 33.640961 1325.155846
50 1614145580 105.943110 1.600000 89.016719 133.619909 18668.509843
47 1614145581 27.671265 0.600000 27.331362 28.286427 459.533288
42 1614145581 33.230398 1.200000 33.029149 33.640961 1325.155846
50 1614145581 105.943110 1.600000 89.016719 133.619909 18668.509843
47 1614145582 27.671265 0.600000 27.331362 28.286427 459.533288
42 1614145582 33.230398 1.200000 33.029149 33.640961 1325.155846
50 1614145582 105.943110 1.600000 89.016719 133.619909 18668.509843
47 1614145583 27.671265 0.600000 27.331362 28.286427 459.533288
42 1614145583 33.230398 1.200000 33.029149 33.640961 1325.155846
50 1614145583 105.943110 1.600000 89.016719 133.619909 18668.509843
47 1614145584 27.671265 0.600000 27.331362 28.286427 459.533288
42 1614145584 33.230398 1.200000 33.029149 33.640961 1325.155846
50 1614145584 105.943110 1.600000 89.016719 133.619909 18668.509843
47 1614145590 22.226143 1.600000 21.197481 23.608986 791.118387
50 1614145590 83.942103 0.600000 83.476407 84.509604 4227.875812
47 1614145591 22.226143 1.600000 21.197481 23.608986 791.118387
50 1614145591 83.942103 0.600000 83.476407 84.509604 4227.875812
47 1614145592 22.226143 1.600000 21.197481 23.608986 791.118387
50 1614145592 83.942103 0.600000 83.476407 84.509604 4227.875812
47 1614145593 22.226143 1.600000 21.197481 23.608986 791.118387
50 1614145593 83.942103 0.600000 83.476407 84.509604 4227.875812
47 1614145594 22.226143 1.600000 21.197481 23.608986 791.118387
50 1614145594 83.942103 0.600000 83.476407 84.509604 4227.875812
47 1614145595 20.105191 0.600000 20.103227 20.107164 242.531224
50 1614145595 84.743720 1.600000 83.635106 86.297950 11491.748006
47 1614145596 20.105191 0.600000 20.103227 20.107164 242.531224
50 1614145596 84.743720 1.600000 83.635106 86.297950 11491.748006
47 1614145597 20.105191 0.600000 20.103227 20.107164 242.531224
50 1614145597 84.743720 1.600000 83.635106 86.297950 11491.748006
47 1614145598 20.105191 0.600000 20.103227 20.107164 242.531224
50 1614145598 84.743720 1.600000 83.635106 86.297950 11491.748006
47 1614145599 20.105191 0.600000 20.103227 20.107164 242.531224
50 1614145599 84.743720 1.600000 83.635106 86.297950 11491.748006
47 1614145600 20.081783 0.200000 20.081783 20.081783 80.655600
50 1614145600 86.322870 0.600000 86.266045 86.364361 4470.983786
47 1614145601 20.081783 0.200000 20.081783 20.081783 80.655600
50 1614145601 86.322870 0.600000 86.266045 86.364361 4470.983786
47 1614145602 20.081783 0.200000 20.081783 20.081783 80.655600
50 1614145602 86.322870 0.600000 86.266045 86.364361 4470.983786
47 1614145603 20.081783 0.200000 20.081783 20.081783 80.655600
50 1614145603 86.322870 0.600000 86.266045 86.364361 4470.983786
47 1614145604 20.081783 0.200000 20.081783 20.081783 80.655600
50 1614145604 86.322870 0.600000 86.266045 86.364361 4470.983786
47 1614145605 20.092841 1.600000 20.079719 20.104319 645.955736
42 1614145605 20.109471 0.800000 20.105683 20.114324 323.512654
50 1614145605 92.744025 0.200000 92.744025 92.744025 1720.290834
47 1614145606 20.092841 1.600000 20.079719 20.104319 645.955736
42 1614145606 20.109471 0.800000 20.105683 20.114324 323.512654
50 1614145606 92.744025 0.200000 92.744025 92.744025 1720.290834
47 1614145607 20.092841 1.600000 20.079719 20.104319 645.955736
42 1614145607 20.109471 0.800000 20.105683 20.114324 323.512654
50 1614145607 92.744025 0.200000 92.744025 92.744025 1720.290834
47 1614145608 20.092841 1.600000 20.079719 20.104319 645.955736
42 1614145608 20.109471 0.800000 20.105683 20.114324 323.512654
50 1614145608 92.744025 0.200000 92.744025 92.744025 1720.290834
47 1614145609 20.092841 1.600000 20.079719 20.104319 645.955736
42 1614145609 20.109471 0.800000 20.105683 20.114324 323.512654
50 1614145609 92.744025 0.200000 92.744025 92.744025 1720.290834
47 1614145610 22.182586 0.400000 22.051834 22.313339 196.833695
42 1614145610 28.883201 0.800000 20.103031 32.091438 687.973374
50 1614145610 90.251816 1.600000 86.482189 93.786278 13047.779029
47 1614145611 22.182586 0.400000 22.051834 22.313339 196.833695
42 1614145611 28.883201 0.800000 20.103031 32.091438 687.973374
50 1614145611 90.251816 1.600000 86.482189 93.786278 13047.779029
42 1614145612 28.883201 0.800000 20.103031 32.091438 687.973374
47 1614145612 22.182586 0.400000 22.051834 22.313339 196.833695
50 1614145612 90.251816 1.600000 86.482189 93.786278 13047.779029
47 1614145613 22.182586 0.400000 22.051834 22.313339 196.833695
42 1614145613 28.883201 0.800000 20.103031 32.091438 687.973374
50 1614145613 90.251816 1.600000 86.482189 93.786278 13047.779029
47 1614145614 22.182586 0.400000 22.051834 22.313339 196.833695
42 1614145614 28.883201 0.800000 20.103031 32.091438 687.973374
50 1614145614 90.251816 1.600000 86.482189 93.786278 13047.779029
47 1614145615 23.366942 0.400000 22.687240 24.046644 218.590390
42 1614145615 24.108980 0.600000 24.017107 24.251980 348.752051
47 1614145616 23.366942 0.400000 22.687240 24.046644 218.590390
42 1614145616 24.108980 0.600000 24.017107 24.251980 348.752051
42 1614145617 24.108980 0.600000 24.017107 24.251980 348.752051
47 1614145617 23.366942 0.400000 22.687240 24.046644 218.590390
47 1614145618 23.366942 0.400000 22.687240 24.046644 218.590390
42 1614145618 24.108980 0.600000 24.017107 24.251980 348.752051
47 1614145619 23.366942 0.400000 22.687240 24.046644 218.590390
42 1614145619 24.108980 0.600000 24.017107 24.251980 348.752051
47 1614145620 24.195045 0.600000 23.854555 24.399100 351.275349
47 1614145621 24.195045 0.600000 23.854555 24.399100 351.275349
47 1614145622 24.195045 0.600000 23.854555 24.399100 351.275349
47 1614145623 24.195045 0.600000 23.854555 24.399100 351.275349
47 1614145624 24.195045 0.600000 23.854555 24.399100 351.275349
47 1614145625 26.736754 0.600000 26.732409 26.743284 428.912425
42 1614145625 30.471034 0.800000 27.892439 37.892928 757.480913
50 1614145625 98.006643 0.400000 97.979141 98.034145 3842.121136
47 1614145626 26.736754 0.600000 26.732409 26.743284 428.912425
42 1614145626 30.471034 0.800000 27.892439 37.892928 757.480913
50 1614145626 98.006643 0.400000 97.979141 98.034145 3842.121136
42 1614145627 30.471034 0.800000 27.892439 37.892928 757.480913
47 1614145627 26.736754 0.600000 26.732409 26.743284 428.912425
50 1614145627 98.006643 0.400000 97.979141 98.034145 3842.121136
47 1614145628 26.736754 0.600000 26.732409 26.743284 428.912425
42 1614145628 30.471034 0.800000 27.892439 37.892928 757.480913
50 1614145628 98.006643 0.400000 97.979141 98.034145 3842.121136
47 1614145629 26.736754 0.600000 26.732409 26.743284 428.912425
42 1614145629 30.471034 0.800000 27.892439 37.892928 757.480913
50 1614145629 98.006643 0.400000 97.979141 98.034145 3842.121136
47 1614145630 27.981047 1.000000 27.013312 28.831663 783.305393
42 1614145630 32.742761 1.600000 31.411120 33.365987 1716.197948
50 1614145630 104.025664 0.400000 102.981718 105.069611 4328.971455
47 1614145631 27.981047 1.000000 27.013312 28.831663 783.305393
42 1614145631 32.742761 1.600000 31.411120 33.365987 1716.197948
50 1614145631 104.025664 0.400000 102.981718 105.069611 4328.971455
50 1614145632 104.025664 0.400000 102.981718 105.069611 4328.971455
42 1614145632 32.742761 1.600000 31.411120 33.365987 1716.197948
47 1614145632 27.981047 1.000000 27.013312 28.831663 783.305393
47 1614145633 27.981047 1.000000 27.013312 28.831663 783.305393
42 1614145633 32.742761 1.600000 31.411120 33.365987 1716.197948
50 1614145633 104.025664 0.400000 102.981718 105.069611 4328.971455
47 1614145634 27.981047 1.000000 27.013312 28.831663 783.305393
42 1614145634 32.742761 1.600000 31.411120 33.365987 1716.197948
50 1614145634 104.025664 0.400000 102.981718 105.069611 4328.971455
47 1614145635 29.413107 0.200000 29.413107 29.413107 173.026172
42 1614145635 44.046440 0.400000 44.024073 44.068806 776.035734
50 1614145635 105.577962 1.200000 101.388706 109.715842 13391.106311
47 1614145636 29.413107 0.200000 29.413107 29.413107 173.026172
42 1614145636 44.046440 0.400000 44.024073 44.068806 776.035734
50 1614145636 105.577962 1.200000 101.388706 109.715842 13391.106311
50 1614145637 105.577962 1.200000 101.388706 109.715842 13391.106311
47 1614145637 29.413107 0.200000 29.413107 29.413107 173.026172
42 1614145637 44.046440 0.400000 44.024073 44.068806 776.035734
47 1614145638 29.413107 0.200000 29.413107 29.413107 173.026172
42 1614145638 44.046440 0.400000 44.024073 44.068806 776.035734
50 1614145638 105.577962 1.200000 101.388706 109.715842 13391.106311
47 1614145639 29.413107 0.200000 29.413107 29.413107 173.026172
42 1614145639 44.046440 0.400000 44.024073 44.068806 776.035734
50 1614145639 105.577962 1.200000 101.388706 109.715842 13391.106311
42 1614145640 32.542091 0.600000 31.174948 34.429161 636.532698
50 1614145640 106.160511 1.000000 104.590119 107.708484 11271.870770
42 1614145641 32.542091 0.600000 31.174948 34.429161 636.532698
50 1614145641 106.160511 1.000000 104.590119 107.708484 11271.870770
50 1614145642 106.160511 1.000000 104.590119 107.708484 11271.870770
42 1614145642 32.542091 0.600000 31.174948 34.429161 636.532698
42 1614145643 32.542091 0.600000 31.174948 34.429161 636.532698
50 1614145643 106.160511 1.000000 104.590119 107.708484 11271.870770
42 1614145644 32.542091 0.600000 31.174948 34.429161 636.532698
50 1614145644 106.160511 1.000000 104.590119 107.708484 11271.870770
50 1614145645 111.780608 0.200000 111.780608 111.780608 2498.980873
50 1614145646 111.780608 0.200000 111.780608 111.780608 2498.980873
50 1614145647 111.780608 0.200000 111.780608 111.780608 2498.980873
50 1614145648 111.780608 0.200000 111.780608 111.780608 2498.980873
50 1614145649 111.780608 0.200000 111.780608 111.780608 2498.980873
42 1614145650 33.259828 1.200000 32.987192 33.765795 1327.553270
42 1614145651 33.259828 1.200000 32.987192 33.765795 1327.553270
42 1614145652 33.259828 1.200000 32.987192 33.765795 1327.553270
42 1614145653 33.259828 1.200000 32.987192 33.765795 1327.553270
42 1614145654 33.259828 1.200000 32.987192 33.765795 1327.553270
47 1614145655 26.576043 1.000000 23.296654 27.468881 708.976950
47 1614145656 26.576043 1.000000 23.296654 27.468881 708.976950
47 1614145657 26.576043 1.000000 23.296654 27.468881 708.976950
47 1614145658 26.576043 1.000000 23.296654 27.468881 708.976950
47 1614145659 26.576043 1.000000 23.296654 27.468881 708.976950
42 1614145660 24.013466 0.400000 23.912331 24.114600 230.662702
50 1614145660 80.459709 1.000000 78.665839 81.102003 6474.581534
42 1614145661 24.013466 0.400000 23.912331 24.114600 230.662702
50 1614145661 80.459709 1.000000 78.665839 81.102003 6474.581534
50 1614145662 80.459709 1.000000 78.665839 81.102003 6474.581534
42 1614145662 24.013466 0.400000 23.912331 24.114600 230.662702
42 1614145663 24.013466 0.400000 23.912331 24.114600 230.662702
50 1614145663 80.459709 1.000000 78.665839 81.102003 6474.581534
42 1614145664 24.013466 0.400000 23.912331 24.114600 230.662702
50 1614145664 80.459709 1.000000 78.665839 81.102003 6474.581534
42 1614145665 21.799561 0.800000 21.293619 22.658819 380.413738
42 1614145666 21.799561 0.800000 21.293619 22.658819 380.413738
42 1614145667 21.799561 0.800000 21.293619 22.658819 380.413738
42 1614145668 21.799561 0.800000 21.293619 22.658819 380.413738
42 1614145669 21.799561 0.800000 21.293619 22.658819 380.413738
47 1614145670 20.090410 0.600000 20.084237 20.099965 242.174767
42 1614145670 21.444892 0.800000 20.953662 22.747033 368.362210
47 1614145671 20.090410 0.600000 20.084237 20.099965 242.174767
42 1614145671 21.444892 0.800000 20.953662 22.747033 368.362210
42 1614145672 21.444892 0.800000 20.953662 22.747033 368.362210
47 1614145672 20.090410 0.600000 20.084237 20.099965 242.174767
47 1614145673 20.090410 0.600000 20.084237 20.099965 242.174767
42 1614145673 21.444892 0.800000 20.953662 22.747033 368.362210
47 1614145674 20.090410 0.600000 20.084237 20.099965 242.174767
42 1614145674 21.444892 0.800000 20.953662 22.747033 368.362210
47 1614145675 20.734143 0.200000 20.734143 20.734143 85.980935
42 1614145675 21.961742 1.000000 20.672421 22.689617 482.846373
50 1614145675 87.645958 0.400000 87.479293 87.812622 3072.736664
47 1614145676 20.734143 0.200000 20.734143 20.734143 85.980935
42 1614145676 21.961742 1.000000 20.672421 22.689617 482.846373
50 1614145676 87.645958 0.400000 87.479293 87.812622 3072.736664
42 1614145677 21.961742 1.000000 20.672421 22.689617 482.846373
47 1614145677 20.734143 0.200000 20.734143 20.734143 85.980935
50 1614145677 87.645958 0.400000 87.479293 87.812622 3072.736664
47 1614145678 20.734143 0.200000 20.734143 20.734143 85.980935
42 1614145678 21.961742 1.000000 20.672421 22.689617 482.846373
50 1614145678 87.645958 0.400000 87.479293 87.812622 3072.736664
47 1614145679 20.734143 0.200000 20.734143 20.734143 85.980935
42 1614145679 21.961742 1.000000 20.672421 22.689617 482.846373
50 1614145679 87.645958 0.400000 87.479293 87.812622 3072.736664
47 1614145680 23.534089 1.400000 21.811824 32.625436 794.700092
42 1614145680 22.971930 0.200000 22.971930 22.971930 105.541914
50 1614145680 87.457273 0.400000 85.932288 88.982258 3060.440064
47 1614145681 23.534089 1.400000 21.811824 32.625436 794.700092
42 1614145681 22.971930 0.200000 22.971930 22.971930 105.541914
50 1614145681 87.457273 0.400000 85.932288 88.982258 3060.440064
42 1614145682 22.971930 0.200000 22.971930 22.971930 105.541914
47 1614145682 23.534089 1.400000 21.811824 32.625436 794.700092
50 1614145682 87.457273 0.400000 85.932288 88.982258 3060.440064
47 1614145683 23.534089 1.400000 21.811824 32.625436 794.700092
42 1614145683 22.971930 0.200000 22.971930 22.971930 105.541914
50 1614145683 87.457273 0.400000 85.932288 88.982258 3060.440064
47 1614145684 23.534089 1.400000 21.811824 32.625436 794.700092
42 1614145684 22.971930 0.200000 22.971930 22.971930 105.541914
50 1614145684 87.457273 0.400000 85.932288 88.982258 3060.440064
47 1614145685 29.385257 0.800000 24.186085 34.731775 709.661574
42 1614145685 24.851286 0.600000 24.574441 25.231586 370.598245
47 1614145686 29.385257 0.800000 24.186085 34.731775 709.661574
42 1614145686 24.851286 0.600000 24.574441 25.231586 370.598245
42 1614145687 24.851286 0.600000 24.574441 25.231586 370.598245
47 1614145687 29.385257 0.800000 24.186085 34.731775 709.661574
47 1614145688 29.385257 0.800000 24.186085 34.731775 709.661574
42 1614145688 24.851286 0.600000 24.574441 25.231586 370.598245
47 1614145689 29.385257 0.800000 24.186085 34.731775 709.661574
42 1614145689 24.851286 0.600000 24.574441 25.231586 370.598245
47 1614145690 23.795118 0.800000 22.147337 24.477520 453.709194
42 1614145690 25.219605 0.400000 25.132001 25.307209 254.414457
50 1614145690 96.848446 1.600000 91.545499 122.652632 15163.166978
47 1614145691 23.795118 0.800000 22.147337 24.477520 453.709194
42 1614145691 25.219605 0.400000 25.132001 25.307209 254.414457
50 1614145691 96.848446 1.600000 91.545499 122.652632 15163.166978
50 1614145692 96.848446 1.600000 91.545499 122.652632 15163.166978
42 1614145692 25.219605 0.400000 25.132001 25.307209 254.414457
47 1614145692 23.795118 0.800000 22.147337 24.477520 453.709194
47 1614145693 23.795118 0.800000 22.147337 24.477520 453.709194
42 1614145693 25.219605 0.400000 25.132001 25.307209 254.414457
50 1614145693 96.848446 1.600000 91.545499 122.652632 15163.166978
47 1614145694 23.795118 0.800000 22.147337 24.477520 453.709194
42 1614145694 25.219605 0.400000 25.132001 25.307209 254.414457
50 1614145694 96.848446 1.600000 91.545499 122.652632 15163.166978
47 1614145695 26.581965 1.000000 24.037523 34.800591 723.570297
50 1614145695 113.175913 0.400000 96.869807 129.482019 5229.870551
47 1614145696 26.581965 1.000000 24.037523 34.800591 723.570297
50 1614145696 113.175913 0.400000 96.869807 129.482019 5229.870551
50 1614145697 113.175913 0.400000 96.869807 129.482019 5229.870551
47 1614145697 26.581965 1.000000 24.037523 34.800591 723.570297
47 1614145698 26.581965 1.000000 24.037523 34.800591 723.570297
50 1614145698 113.175913 0.400000 96.869807 129.482019 5229.870551
47 1614145699 26.581965 1.000000 24.037523 34.800591 723.570297
50 1614145699 113.175913 0.400000 96.869807 129.482019 5229.870551
47 1614145700 25.361695 1.400000 22.213384 31.848687 923.152159
42 1614145700 22.422884 0.200000 22.422884 22.422884 100.557145
50 1614145700 100.765485 1.200000 88.189967 130.157875 12415.488198
47 1614145701 25.361695 1.400000 22.213384 31.848687 923.152159
42 1614145701 22.422884 0.200000 22.422884 22.422884 100.557145
50 1614145701 100.765485 1.200000 88.189967 130.157875 12415.488198
42 1614145702 22.422884 0.200000 22.422884 22.422884 100.557145
47 1614145702 25.361695 1.400000 22.213384 31.848687 923.152159
50 1614145702 100.765485 1.200000 88.189967 130.157875 12415.488198
47 1614145703 25.361695 1.400000 22.213384 31.848687 923.152159
42 1614145703 22.422884 0.200000 22.422884 22.422884 100.557145
50 1614145703 100.765485 1.200000 88.189967 130.157875 12415.488198
47 1614145704 25.361695 1.400000 22.213384 31.848687 923.152159
42 1614145704 22.422884 0.200000 22.422884 22.422884 100.557145
50 1614145704 100.765485 1.200000 88.189967 130.157875 12415.488198
47 1614145705 21.502123 0.400000 20.365878 22.638368 185.452941
42 1614145705 22.572729 0.400000 21.945001 23.200457 203.968855
50 1614145705 95.907296 1.400000 90.734566 126.494726 13095.807453
47 1614145706 21.502123 0.400000 20.365878 22.638368 185.452941
42 1614145706 22.572729 0.400000 21.945001 23.200457 203.968855
50 1614145706 95.907296 1.400000 90.734566 126.494726 13095.807453
50 1614145707 95.907296 1.400000 90.734566 126.494726 13095.807453
42 1614145707 22.572729 0.400000 21.945001 23.200457 203.968855
47 1614145707 21.502123 0.400000 20.365878 22.638368 185.452941
47 1614145708 21.502123 0.400000 20.365878 22.638368 185.452941
47 1614145709 21.502123 0.400000 20.365878 22.638368 185.452941
42 1614145708 22.572729 0.400000 21.945001 23.200457 203.968855
42 1614145709 22.572729 0.400000 21.945001 23.200457 203.968855
50 1614145708 95.907296 1.400000 90.734566 126.494726 13095.807453
50 1614145709 95.907296 1.400000 90.734566 126.494726 13095.807453
47 1614145710 22.765257 1.000000 21.979824 23.506007 518.693016
42 1614145710 24.985085 0.200000 24.985085 24.985085 124.850895
50 1614145710 100.579916 1.000000 83.360261 125.990933 10545.517461
47 1614145711 22.765257 1.000000 21.979824 23.506007 518.693016
42 1614145711 24.985085 0.200000 24.985085 24.985085 124.850895
50 1614145711 100.579916 1.000000 83.360261 125.990933 10545.517461
47 1614145712 22.765257 1.000000 21.979824 23.506007 518.693016
42 1614145712 24.985085 0.200000 24.985085 24.985085 124.850895
50 1614145712 100.579916 1.000000 83.360261 125.990933 10545.517461
47 1614145713 22.765257 1.000000 21.979824 23.506007 518.693016
42 1614145713 24.985085 0.200000 24.985085 24.985085 124.850895
50 1614145713 100.579916 1.000000 83.360261 125.990933 10545.517461
47 1614145714 22.765257 1.000000 21.979824 23.506007 518.693016
42 1614145714 24.985085 0.200000 24.985085 24.985085 124.850895
50 1614145714 100.579916 1.000000 83.360261 125.990933 10545.517461
47 1614145715 22.829564 0.800000 22.616689 22.957011 416.964811
42 1614145715 22.599668 1.200000 20.963846 23.950867 614.470991
50 1614145715 83.174451 0.600000 81.940701 83.866212 4151.252420
47 1614145716 22.829564 0.800000 22.616689 22.957011 416.964811
42 1614145716 22.599668 1.200000 20.963846 23.950867 614.470991
50 1614145716 83.174451 0.600000 81.940701 83.866212 4151.252420
47 1614145717 22.829564 0.800000 22.616689 22.957011 416.964811
42 1614145717 22.599668 1.200000 20.963846 23.950867 614.470991
50 1614145717 83.174451 0.600000 81.940701 83.866212 4151.252420
47 1614145718 22.829564 0.800000 22.616689 22.957011 416.964811
42 1614145718 22.599668 1.200000 20.963846 23.950867 614.470991
50 1614145718 83.174451 0.600000 81.940701 83.866212 4151.252420
47 1614145719 22.829564 0.800000 22.616689 22.957011 416.964811
42 1614145719 22.599668 1.200000 20.963846 23.950867 614.470991
50 1614145719 83.174451 0.600000 81.940701 83.866212 4151.252420
47 1614145720 22.771329 0.600000 22.379185 23.092421 311.172429
42 1614145720 25.035056 0.200000 25.035056 25.035056 125.350807
50 1614145720 84.886538 0.800000 84.388336 86.339545 5765.142638
47 1614145721 22.771329 0.600000 22.379185 23.092421 311.172429
42 1614145721 25.035056 0.200000 25.035056 25.035056 125.350807
50 1614145721 84.886538 0.800000 84.388336 86.339545 5765.142638
50 1614145722 84.886538 0.800000 84.388336 86.339545 5765.142638
42 1614145722 25.035056 0.200000 25.035056 25.035056 125.350807
47 1614145722 22.771329 0.600000 22.379185 23.092421 311.172429
47 1614145723 22.771329 0.600000 22.379185 23.092421 311.172429
42 1614145723 25.035056 0.200000 25.035056 25.035056 125.350807
50 1614145723 84.886538 0.800000 84.388336 86.339545 5765.142638
47 1614145724 22.771329 0.600000 22.379185 23.092421 311.172429
42 1614145724 25.035056 0.200000 25.035056 25.035056 125.350807
50 1614145724 84.886538 0.800000 84.388336 86.339545 5765.142638
42 1614145725 26.288381 0.800000 25.682400 26.603980 552.971062
50 1614145725 85.211816 0.800000 84.768101 85.368234 5808.895447
42 1614145726 26.288381 0.800000 25.682400 26.603980 552.971062
50 1614145726 85.211816 0.800000 84.768101 85.368234 5808.895447
42 1614145727 26.288381 0.800000 25.682400 26.603980 552.971062
50 1614145727 85.211816 0.800000 84.768101 85.368234 5808.895447
42 1614145728 26.288381 0.800000 25.682400 26.603980 552.971062
50 1614145728 85.211816 0.800000 84.768101 85.368234 5808.895447
42 1614145729 26.288381 0.800000 25.682400 26.603980 552.971062
50 1614145729 85.211816 0.800000 84.768101 85.368234 5808.895447
47 1614145730 25.212041 0.200000 25.212041 25.212041 127.129401
42 1614145730 26.276863 0.400000 25.937055 26.616672 276.235609
50 1614145730 86.521571 0.400000 84.405955 88.637187 2996.183227
47 1614145731 25.212041 0.200000 25.212041 25.212041 127.129401
42 1614145731 26.276863 0.400000 25.937055 26.616672 276.235609
50 1614145731 86.521571 0.400000 84.405955 88.637187 2996.183227
50 1614145732 86.521571 0.400000 84.405955 88.637187 2996.183227
42 1614145732 26.276863 0.400000 25.937055 26.616672 276.235609
47 1614145732 25.212041 0.200000 25.212041 25.212041 127.129401
47 1614145733 25.212041 0.200000 25.212041 25.212041 127.129401
42 1614145733 26.276863 0.400000 25.937055 26.616672 276.235609
50 1614145733 86.521571 0.400000 84.405955 88.637187 2996.183227
47 1614145734 25.212041 0.200000 25.212041 25.212041 127.129401
42 1614145734 26.276863 0.400000 25.937055 26.616672 276.235609
50 1614145734 86.521571 0.400000 84.405955 88.637187 2996.183227
47 1614145735 26.890616 0.400000 26.826699 26.954533 289.243727
42 1614145735 30.148120 0.600000 28.193767 31.222659 546.495139
47 1614145736 26.890616 0.400000 26.826699 26.954533 289.243727
42 1614145736 30.148120 0.600000 28.193767 31.222659 546.495139
42 1614145737 30.148120 0.600000 28.193767 31.222659 546.495139
47 1614145737 26.890616 0.400000 26.826699 26.954533 289.243727
47 1614145738 26.890616 0.400000 26.826699 26.954533 289.243727
42 1614145738 30.148120 0.600000 28.193767 31.222659 546.495139
47 1614145739 26.890616 0.400000 26.826699 26.954533 289.243727
42 1614145739 30.148120 0.600000 28.193767 31.222659 546.495139
47 1614145740 28.287097 0.400000 27.882839 28.691355 320.129315
42 1614145740 35.614810 1.000000 30.783763 43.289176 1302.944384
47 1614145741 28.287097 0.400000 27.882839 28.691355 320.129315
42 1614145741 35.614810 1.000000 30.783763 43.289176 1302.944384
42 1614145742 35.614810 1.000000 30.783763 43.289176 1302.944384
47 1614145742 28.287097 0.400000 27.882839 28.691355 320.129315
47 1614145743 28.287097 0.400000 27.882839 28.691355 320.129315
42 1614145743 35.614810 1.000000 30.783763 43.289176 1302.944384
47 1614145744 28.287097 0.400000 27.882839 28.691355 320.129315
42 1614145744 35.614810 1.000000 30.783763 43.289176 1302.944384
42 1614145745 34.529727 1.000000 32.242767 42.044907 1206.522272
50 1614145745 82.400611 0.200000 82.400611 82.400611 1357.972136
42 1614145746 34.529727 1.000000 32.242767 42.044907 1206.522272
50 1614145746 82.400611 0.200000 82.400611 82.400611 1357.972136
50 1614145747 82.400611 0.200000 82.400611 82.400611 1357.972136
42 1614145747 34.529727 1.000000 32.242767 42.044907 1206.522272
42 1614145748 34.529727 1.000000 32.242767 42.044907 1206.522272
50 1614145748 82.400611 0.200000 82.400611 82.400611 1357.972136
42 1614145749 34.529727 1.000000 32.242767 42.044907 1206.522272
50 1614145749 82.400611 0.200000 82.400611 82.400611 1357.972136
53 1614145750 0.000017 0.200000 0.000017 0.000017 0.000000
42 1614145750 41.621321 0.200000 41.621321 41.621321 346.466872
50 1614145750 87.472468 0.400000 87.447935 87.497001 3060.573330
53 1614145751 0.000017 0.200000 0.000017 0.000017 0.000000
42 1614145751 41.621321 0.200000 41.621321 41.621321 346.466872
50 1614145751 87.472468 0.400000 87.447935 87.497001 3060.573330
53 1614145752 0.000017 0.200000 0.000017 0.000017 0.000000
50 1614145752 87.472468 0.400000 87.447935 87.497001 3060.573330
42 1614145752 41.621321 0.200000 41.621321 41.621321 346.466872
53 1614145753 0.000017 0.200000 0.000017 0.000017 0.000000
42 1614145753 41.621321 0.200000 41.621321 41.621321 346.466872
50 1614145753 87.472468 0.400000 87.447935 87.497001 3060.573330
53 1614145754 0.000017 0.200000 0.000017 0.000017 0.000000
42 1614145754 41.621321 0.200000 41.621321 41.621321 346.466872
50 1614145754 87.472468 0.400000 87.447935 87.497001 3060.573330
53 1614145755 0.000023 0.400000 0.000012 0.000035 0.000000
47 1614145755 29.196957 0.600000 27.375511 30.510392 512.537536
42 1614145755 36.510433 1.000000 32.332706 42.713647 1356.712898
50 1614145755 93.795318 0.400000 93.182417 94.408220 3519.174949
53 1614145756 0.000023 0.400000 0.000012 0.000035 0.000000
47 1614145756 29.196957 0.600000 27.375511 30.510392 512.537536
42 1614145756 36.510433 1.000000 32.332706 42.713647 1356.712898
50 1614145756 93.795318 0.400000 93.182417 94.408220 3519.174949
53 1614145757 0.000023 0.400000 0.000012 0.000035 0.000000
50 1614145757 93.795318 0.400000 93.182417 94.408220 3519.174949
47 1614145757 29.196957 0.600000 27.375511 30.510392 512.537536
42 1614145757 36.510433 1.000000 32.332706 42.713647 1356.712898
53 1614145758 0.000023 0.400000 0.000012 0.000035 0.000000
47 1614145758 29.196957 0.600000 27.375511 30.510392 512.537536
42 1614145758 36.510433 1.000000 32.332706 42.713647 1356.712898
50 1614145758 93.795318 0.400000 93.182417 94.408220 3519.174949
53 1614145759 0.000023 0.400000 0.000012 0.000035 0.000000
47 1614145759 29.196957 0.600000 27.375511 30.510392 512.537536
42 1614145759 36.510433 1.000000 32.332706 42.713647 1356.712898
50 1614145759 93.795318 0.400000 93.182417 94.408220 3519.174949
47 1614145760 26.660060 0.400000 26.077282 27.242838 284.439370
42 1614145760 32.632931 0.600000 32.064919 33.062158 639.050138
47 1614145761 26.660060 0.400000 26.077282 27.242838 284.439370
42 1614145761 32.632931 0.600000 32.064919 33.062158 639.050138
42 1614145762 32.632931 0.600000 32.064919 33.062158 639.050138
47 1614145762 26.660060 0.400000 26.077282 27.242838 284.439370
47 1614145763 26.660060 0.400000 26.077282 27.242838 284.439370
42 1614145763 32.632931 0.600000 32.064919 33.062158 639.050138
47 1614145764 26.660060 0.400000 26.077282 27.242838 284.439370
42 1614145764 32.632931 0.600000 32.064919 33.062158 639.050138
53 1614145765 0.000011 0.600000 0.000008 0.000014 0.000000
47 1614145765 25.491976 1.000000 23.428187 26.498598 650.975258
42 1614145765 28.855488 0.800000 27.382446 29.694552 666.728504
50 1614145765 85.511795 0.600000 84.428832 86.520874 4387.799516
53 1614145766 0.000011 0.600000 0.000008 0.000014 0.000000
47 1614145766 25.491976 1.000000 23.428187 26.498598 650.975258
42 1614145766 28.855488 0.800000 27.382446 29.694552 666.728504
50 1614145766 85.511795 0.600000 84.428832 86.520874 4387.799516
53 1614145767 0.000011 0.600000 0.000008 0.000014 0.000000
50 1614145767 85.511795 0.600000 84.428832 86.520874 4387.799516
47 1614145767 25.491976 1.000000 23.428187 26.498598 650.975258
42 1614145767 28.855488 0.800000 27.382446 29.694552 666.728504
53 1614145768 0.000011 0.600000 0.000008 0.000014 0.000000
47 1614145768 25.491976 1.000000 23.428187 26.498598 650.975258
42 1614145768 28.855488 0.800000 27.382446 29.694552 666.728504
50 1614145768 85.511795 0.600000 84.428832 86.520874 4387.799516
53 1614145769 0.000011 0.600000 0.000008 0.000014 0.000000
47 1614145769 25.491976 1.000000 23.428187 26.498598 650.975258
42 1614145769 28.855488 0.800000 27.382446 29.694552 666.728504
50 1614145769 85.511795 0.600000 84.428832 86.520874 4387.799516
47 1614145770 21.397801 1.000000 21.078315 22.055090 458.018193
42 1614145770 25.548446 0.400000 25.456035 25.640857 261.092652
50 1614145770 81.451254 0.800000 79.274141 87.014653 5315.734648
47 1614145771 21.397801 1.000000 21.078315 22.055090 458.018193
47 1614145772 21.397801 1.000000 21.078315 22.055090 458.018193
42 1614145771 25.548446 0.400000 25.456035 25.640857 261.092652
42 1614145772 25.548446 0.400000 25.456035 25.640857 261.092652
50 1614145771 81.451254 0.800000 79.274141 87.014653 5315.734648
50 1614145772 81.451254 0.800000 79.274141 87.014653 5315.734648
47 1614145773 21.397801 1.000000 21.078315 22.055090 458.018193
42 1614145773 25.548446 0.400000 25.456035 25.640857 261.092652
50 1614145773 81.451254 0.800000 79.274141 87.014653 5315.734648
47 1614145774 21.397801 1.000000 21.078315 22.055090 458.018193
42 1614145774 25.548446 0.400000 25.456035 25.640857 261.092652
50 1614145774 81.451254 0.800000 79.274141 87.014653 5315.734648
53 1614145775 0.000011 1.000000 0.000009 0.000018 0.000000
47 1614145775 20.704518 0.200000 20.704518 20.704518 85.735414
42 1614145775 21.160604 0.200000 21.160604 21.160604 89.554232
50 1614145775 81.013265 1.600000 76.984366 85.232220 10524.285081
53 1614145776 0.000011 1.000000 0.000009 0.000018 0.000000
47 1614145776 20.704518 0.200000 20.704518 20.704518 85.735414
42 1614145776 21.160604 0.200000 21.160604 21.160604 89.554232
50 1614145776 81.013265 1.600000 76.984366 85.232220 10524.285081
53 1614145777 0.000011 1.000000 0.000009 0.000018 0.000000
47 1614145777 20.704518 0.200000 20.704518 20.704518 85.735414
42 1614145777 21.160604 0.200000 21.160604 21.160604 89.554232
50 1614145777 81.013265 1.600000 76.984366 85.232220 10524.285081
53 1614145778 0.000011 1.000000 0.000009 0.000018 0.000000
47 1614145778 20.704518 0.200000 20.704518 20.704518 85.735414
42 1614145778 21.160604 0.200000 21.160604 21.160604 89.554232
50 1614145778 81.013265 1.600000 76.984366 85.232220 10524.285081
53 1614145779 0.000011 1.000000 0.000009 0.000018 0.000000
47 1614145779 20.704518 0.200000 20.704518 20.704518 85.735414
42 1614145779 21.160604 0.200000 21.160604 21.160604 89.554232
50 1614145779 81.013265 1.600000 76.984366 85.232220 10524.285081
53 1614145780 0.000009 0.200000 0.000009 0.000009 0.000000
47 1614145780 20.093758 0.200000 20.093758 20.093758 80.751823
42 1614145780 20.121699 0.200000 20.121699 20.121699 80.976555
50 1614145780 88.127490 0.200000 88.127490 88.127490 1553.290900
53 1614145781 0.000009 0.200000 0.000009 0.000009 0.000000
47 1614145781 20.093758 0.200000 20.093758 20.093758 80.751823
42 1614145781 20.121699 0.200000 20.121699 20.121699 80.976555
50 1614145781 88.127490 0.200000 88.127490 88.127490 1553.290900
53 1614145782 0.000009 0.200000 0.000009 0.000009 0.000000
47 1614145782 20.093758 0.200000 20.093758 20.093758 80.751823
42 1614145782 20.121699 0.200000 20.121699 20.121699 80.976555
50 1614145782 88.127490 0.200000 88.127490 88.127490 1553.290900
53 1614145783 0.000009 0.200000 0.000009 0.000009 0.000000
47 1614145783 20.093758 0.200000 20.093758 20.093758 80.751823
42 1614145783 20.121699 0.200000 20.121699 20.121699 80.976555
50 1614145783 88.127490 0.200000 88.127490 88.127490 1553.290900
53 1614145784 0.000009 0.200000 0.000009 0.000009 0.000000
47 1614145784 20.093758 0.200000 20.093758 20.093758 80.751823
42 1614145784 20.121699 0.200000 20.121699 20.121699 80.976555
50 1614145784 88.127490 0.200000 88.127490 88.127490 1553.290900
47 1614145785 20.100670 0.200000 20.100670 20.100670 80.807388
50 1614145785 83.862903 0.200000 83.862903 83.862903 1406.597288
47 1614145786 20.100670 0.200000 20.100670 20.100670 80.807388
50 1614145786 83.862903 0.200000 83.862903 83.862903 1406.597288
47 1614145787 20.100670 0.200000 20.100670 20.100670 80.807388
50 1614145787 83.862903 0.200000 83.862903 83.862903 1406.597288
47 1614145788 20.100670 0.200000 20.100670 20.100670 80.807388
50 1614145788 83.862903 0.200000 83.862903 83.862903 1406.597288
47 1614145789 20.100670 0.200000 20.100670 20.100670 80.807388
50 1614145789 83.862903 0.200000 83.862903 83.862903 1406.597288
53 1614145790 0.000009 0.200000 0.000009 0.000009 0.000000
47 1614145790 20.094609 0.800000 20.083787 20.112497 323.034757
42 1614145790 20.114121 0.400000 20.111946 20.116297 161.831154
50 1614145790 88.427246 0.200000 88.427246 88.427246 1563.875562
53 1614145791 0.000009 0.200000 0.000009 0.000009 0.000000
47 1614145791 20.094609 0.800000 20.083787 20.112497 323.034757
42 1614145791 20.114121 0.400000 20.111946 20.116297 161.831154
50 1614145791 88.427246 0.200000 88.427246 88.427246 1563.875562
53 1614145792 0.000009 0.200000 0.000009 0.000009 0.000000
50 1614145792 88.427246 0.200000 88.427246 88.427246 1563.875562
47 1614145792 20.094609 0.800000 20.083787 20.112497 323.034757
42 1614145792 20.114121 0.400000 20.111946 20.116297 161.831154
53 1614145793 0.000009 0.200000 0.000009 0.000009 0.000000
47 1614145793 20.094609 0.800000 20.083787 20.112497 323.034757
42 1614145793 20.114121 0.400000 20.111946 20.116297 161.831154
50 1614145793 88.427246 0.200000 88.427246 88.427246 1563.875562
53 1614145794 0.000009 0.200000 0.000009 0.000009 0.000000
47 1614145794 20.094609 0.800000 20.083787 20.112497 323.034757
42 1614145794 20.114121 0.400000 20.111946 20.116297 161.831154
50 1614145794 88.427246 0.200000 88.427246 88.427246 1563.875562
53 1614145795 0.000023 0.600000 0.000008 0.000053 0.000000
47 1614145795 20.101221 0.400000 20.099677 20.102766 161.623642
42 1614145795 20.112998 1.000000 20.096380 20.164602 404.533354
50 1614145795 91.980024 0.600000 90.561789 94.383704 5077.946925
53 1614145796 0.000023 0.600000 0.000008 0.000053 0.000000
47 1614145796 20.101221 0.400000 20.099677 20.102766 161.623642
42 1614145796 20.112998 1.000000 20.096380 20.164602 404.533354
50 1614145796 91.980024 0.600000 90.561789 94.383704 5077.946925
53 1614145797 0.000023 0.600000 0.000008 0.000053 0.000000
47 1614145797 20.101221 0.400000 20.099677 20.102766 161.623642
42 1614145797 20.112998 1.000000 20.096380 20.164602 404.533354
50 1614145797 91.980024 0.600000 90.561789 94.383704 5077.946925
53 1614145798 0.000023 0.600000 0.000008 0.000053 0.000000
47 1614145798 20.101221 0.400000 20.099677 20.102766 161.623642
42 1614145798 20.112998 1.000000 20.096380 20.164602 404.533354
50 1614145798 91.980024 0.600000 90.561789 94.383704 5077.946925
53 1614145799 0.000023 0.600000 0.000008 0.000053 0.000000
47 1614145799 20.101221 0.400000 20.099677 20.102766 161.623642
42 1614145799 20.112998 1.000000 20.096380 20.164602 404.533354
50 1614145799 91.980024 0.600000 90.561789 94.383704 5077.946925
53 1614145800 0.000009 0.400000 0.000008 0.000010 0.000000
47 1614145800 21.008016 2.200000 20.082738 30.089650 989.085734
50 1614145800 89.897776 0.600000 80.531136 94.623894 4875.287046
53 1614145801 0.000009 0.400000 0.000008 0.000010 0.000000
47 1614145801 21.008016 2.200000 20.082738 30.089650 989.085734
50 1614145801 89.897776 0.600000 80.531136 94.623894 4875.287046
53 1614145802 0.000009 0.400000 0.000008 0.000010 0.000000
50 1614145802 89.897776 0.600000 80.531136 94.623894 4875.287046
47 1614145802 21.008016 2.200000 20.082738 30.089650 989.085734
53 1614145803 0.000009 0.400000 0.000008 0.000010 0.000000
47 1614145803 21.008016 2.200000 20.082738 30.089650 989.085734
50 1614145803 89.897776 0.600000 80.531136 94.623894 4875.287046
53 1614145804 0.000009 0.400000 0.000008 0.000010 0.000000
47 1614145804 21.008016 2.200000 20.082738 30.089650 989.085734
50 1614145804 89.897776 0.600000 80.531136 94.623894 4875.287046
53 1614145805 0.000009 1.600000 0.000007 0.000011 0.000000
47 1614145805 23.422946 1.200000 20.078297 30.099533 685.045825
42 1614145805 20.108219 0.200000 20.108219 20.108219 80.868094
50 1614145805 88.211249 2.000000 81.196112 95.699395 15609.465900
53 1614145806 0.000009 1.600000 0.000007 0.000011 0.000000
47 1614145806 23.422946 1.200000 20.078297 30.099533 685.045825
42 1614145806 20.108219 0.200000 20.108219 20.108219 80.868094
50 1614145806 88.211249 2.000000 81.196112 95.699395 15609.465900
47 1614145807 23.422946 1.200000 20.078297 30.099533 685.045825
53 1614145807 0.000009 1.600000 0.000007 0.000011 0.000000
42 1614145807 20.108219 0.200000 20.108219 20.108219 80.868094
50 1614145807 88.211249 2.000000 81.196112 95.699395 15609.465900
53 1614145808 0.000009 1.600000 0.000007 0.000011 0.000000
47 1614145808 23.422946 1.200000 20.078297 30.099533 685.045825
42 1614145808 20.108219 0.200000 20.108219 20.108219 80.868094
50 1614145808 88.211249 2.000000 81.196112 95.699395 15609.465900
53 1614145809 0.000009 1.600000 0.000007 0.000011 0.000000
47 1614145809 23.422946 1.200000 20.078297 30.099533 685.045825
42 1614145809 20.108219 0.200000 20.108219 20.108219 80.868094
50 1614145809 88.211249 2.000000 81.196112 95.699395 15609.465900
53 1614145810 0.000008 0.800000 0.000007 0.000009 0.000000
47 1614145810 25.096645 0.400000 20.091960 30.101330 261.955385
50 1614145810 90.020584 1.000000 80.793813 119.187332 8319.014880
53 1614145811 0.000008 0.800000 0.000007 0.000009 0.000000
47 1614145811 25.096645 0.400000 20.091960 30.101330 261.955385
50 1614145811 90.020584 1.000000 80.793813 119.187332 8319.014880
53 1614145812 0.000008 0.800000 0.000007 0.000009 0.000000
50 1614145812 90.020584 1.000000 80.793813 119.187332 8319.014880
47 1614145812 25.096645 0.400000 20.091960 30.101330 261.955385
53 1614145813 0.000008 0.800000 0.000007 0.000009 0.000000
47 1614145813 25.096645 0.400000 20.091960 30.101330 261.955385
50 1614145813 90.020584 1.000000 80.793813 119.187332 8319.014880
53 1614145814 0.000008 0.800000 0.000007 0.000009 0.000000
53 1614145815 0.000008 0.600000 0.000007 0.000009 0.000000
50 1614145814 90.020584 1.000000 80.793813 119.187332 8319.014880
50 1614145815 106.153265 0.600000 87.034916 116.055662 6870.809926
47 1614145814 25.096645 0.400000 20.091960 30.101330 261.955385
47 1614145874 20.098978 0.200000 20.098978 20.098978 80.793784
47 1614145873 20.098978 0.200000 20.098978 20.098978 80.793784
47 1614145872 20.098978 0.200000 20.098978 20.098978 80.793784
47 1614145871 20.098978 0.200000 20.098978 20.098978 80.793784
47 1614145870 20.098978 0.200000 20.098978 20.098978 80.793784
47 1614145869 20.094285 0.400000 20.091626 20.096945 161.512127
47 1614145868 20.094285 0.400000 20.091626 20.096945 161.512127
47 1614145867 20.094285 0.400000 20.091626 20.096945 161.512127
47 1614145866 20.094285 0.400000 20.091626 20.096945 161.512127
47 1614145865 20.094285 0.400000 20.091626 20.096945 161.512127
47 1614145859 20.109194 0.200000 20.109194 20.109194 80.875937
47 1614145858 20.109194 0.200000 20.109194 20.109194 80.875937
47 1614145857 20.109194 0.200000 20.109194 20.109194 80.875937
47 1614145856 20.109194 0.200000 20.109194 20.109194 80.875937
47 1614145855 20.109194 0.200000 20.109194 20.109194 80.875937
47 1614145849 20.095760 0.200000 20.095760 20.095760 80.767915
47 1614145848 20.095760 0.200000 20.095760 20.095760 80.767915
47 1614145847 20.095760 0.200000 20.095760 20.095760 80.767915
47 1614145846 20.095760 0.200000 20.095760 20.095760 80.767915
47 1614145845 20.095760 0.200000 20.095760 20.095760 80.767915
47 1614145839 20.086199 0.800000 20.083839 20.090191 322.764313
47 1614145838 20.086199 0.800000 20.083839 20.090191 322.764313
47 1614145837 20.086199 0.800000 20.083839 20.090191 322.764313
47 1614145836 20.086199 0.800000 20.083839 20.090191 322.764313
47 1614145835 20.086199 0.800000 20.083839 20.090191 322.764313
47 1614145834 20.087630 0.600000 20.078806 20.093716 242.107751
47 1614145833 20.087630 0.600000 20.078806 20.093716 242.107751
47 1614145832 20.087630 0.600000 20.078806 20.093716 242.107751
47 1614145831 20.087630 0.600000 20.078806 20.093716 242.107751
47 1614145830 20.087630 0.600000 20.078806 20.093716 242.107751
47 1614145824 20.095632 0.200000 20.095632 20.095632 80.766886
47 1614145823 20.095632 0.200000 20.095632 20.095632 80.766886
47 1614145822 20.095632 0.200000 20.095632 20.095632 80.766886
47 1614145821 20.095632 0.200000 20.095632 20.095632 80.766886
47 1614145820 20.095632 0.200000 20.095632 20.095632 80.766886
47 1614145819 26.758498 0.600000 20.085135 30.100074 442.970469
47 1614145818 26.758498 0.600000 20.085135 30.100074 442.970469
47 1614145817 26.758498 0.600000 20.085135 30.100074 442.970469
47 1614145816 26.758498 0.600000 20.085135 30.100074 442.970469
47 1614145815 26.758498 0.600000 20.085135 30.100074 442.970469
42 1614145834 20.098806 0.400000 20.095244 20.102367 161.584799
42 1614145833 20.098806 0.400000 20.095244 20.102367 161.584799
42 1614145832 20.098806 0.400000 20.095244 20.102367 161.584799
42 1614145831 20.098806 0.400000 20.095244 20.102367 161.584799
42 1614145830 20.098806 0.400000 20.095244 20.102367 161.584799
42 1614145829 20.119044 0.200000 20.119044 20.119044 80.955185
42 1614145828 20.119044 0.200000 20.119044 20.119044 80.955185
42 1614145827 20.119044 0.200000 20.119044 20.119044 80.955185
42 1614145826 20.119044 0.200000 20.119044 20.119044 80.955185
42 1614145825 20.119044 0.200000 20.119044 20.119044 80.955185
42 1614145824 20.103281 0.200000 20.103281 20.103281 80.828382
42 1614145823 20.103281 0.200000 20.103281 20.103281 80.828382
42 1614145822 20.103281 0.200000 20.103281 20.103281 80.828382
42 1614145821 20.103281 0.200000 20.103281 20.103281 80.828382
42 1614145820 20.103281 0.200000 20.103281 20.103281 80.828382
53 1614145878 0.000007 0.250000 0.000007 0.000007 0.000000
53 1614145877 0.000007 0.250000 0.000007 0.000007 0.000000
53 1614145876 0.000007 0.250000 0.000007 0.000007 0.000000
53 1614145875 0.000007 0.250000 0.000007 0.000007 0.000000
53 1614145874 0.000008 0.400000 0.000008 0.000008 0.000000
53 1614145873 0.000008 0.400000 0.000008 0.000008 0.000000
53 1614145872 0.000008 0.400000 0.000008 0.000008 0.000000
53 1614145871 0.000008 0.400000 0.000008 0.000008 0.000000
53 1614145870 0.000008 0.400000 0.000008 0.000008 0.000000
53 1614145864 0.000008 0.200000 0.000008 0.000008 0.000000
53 1614145863 0.000008 0.200000 0.000008 0.000008 0.000000
53 1614145862 0.000008 0.200000 0.000008 0.000008 0.000000
53 1614145861 0.000008 0.200000 0.000008 0.000008 0.000000
53 1614145860 0.000008 0.200000 0.000008 0.000008 0.000000
53 1614145854 0.000008 0.200000 0.000008 0.000008 0.000000
53 1614145853 0.000008 0.200000 0.000008 0.000008 0.000000
53 1614145852 0.000008 0.200000 0.000008 0.000008 0.000000
53 1614145851 0.000008 0.200000 0.000008 0.000008 0.000000
53 1614145850 0.000008 0.200000 0.000008 0.000008 0.000000
53 1614145844 0.000008 0.800000 0.000007 0.000008 0.000000
53 1614145843 0.000008 0.800000 0.000007 0.000008 0.000000
53 1614145842 0.000008 0.800000 0.000007 0.000008 0.000000
53 1614145841 0.000008 0.800000 0.000007 0.000008 0.000000
53 1614145840 0.000008 0.800000 0.000007 0.000008 0.000000
53 1614145839 0.000008 0.600000 0.000007 0.000008 0.000000
53 1614145838 0.000008 0.600000 0.000007 0.000008 0.000000
53 1614145837 0.000008 0.600000 0.000007 0.000008 0.000000
53 1614145836 0.000008 0.600000 0.000007 0.000008 0.000000
53 1614145835 0.000008 0.600000 0.000007 0.000008 0.000000
53 1614145829 0.000007 0.200000 0.000007 0.000007 0.000000
53 1614145828 0.000007 0.200000 0.000007 0.000007 0.000000
53 1614145827 0.000007 0.200000 0.000007 0.000007 0.000000
53 1614145826 0.000007 0.200000 0.000007 0.000007 0.000000
53 1614145825 0.000007 0.200000 0.000007 0.000007 0.000000
53 1614145824 0.000008 0.800000 0.000008 0.000008 0.000000
53 1614145823 0.000008 0.800000 0.000008 0.000008 0.000000
53 1614145822 0.000008 0.800000 0.000008 0.000008 0.000000
53 1614145821 0.000008 0.800000 0.000008 0.000008 0.000000
53 1614145820 0.000008 0.800000 0.000008 0.000008 0.000000
53 1614145819 0.000008 0.600000 0.000007 0.000009 0.000000
53 1614145818 0.000008 0.600000 0.000007 0.000009 0.000000
53 1614145817 0.000008 0.600000 0.000007 0.000009 0.000000
53 1614145816 0.000008 0.600000 0.000007 0.000009 0.000000
50 1614145878 64.047435 0.250000 64.047435 64.047435 1025.518492
50 1614145877 64.047435 0.250000 64.047435 64.047435 1025.518492
50 1614145876 64.047435 0.250000 64.047435 64.047435 1025.518492
50 1614145875 64.047435 0.250000 64.047435 64.047435 1025.518492
50 1614145874 64.061051 0.400000 64.027067 64.095035 1641.527765
50 1614145873 64.061051 0.400000 64.027067 64.095035 1641.527765
50 1614145872 64.061051 0.400000 64.027067 64.095035 1641.527765
50 1614145871 64.061051 0.400000 64.027067 64.095035 1641.527765
50 1614145870 64.061051 0.400000 64.027067 64.095035 1641.527765
50 1614145864 64.117063 0.200000 64.117063 64.117063 822.199561
50 1614145863 64.117063 0.200000 64.117063 64.117063 822.199561
50 1614145862 64.117063 0.200000 64.117063 64.117063 822.199561
50 1614145861 64.117063 0.200000 64.117063 64.117063 822.199561
50 1614145860 64.117063 0.200000 64.117063 64.117063 822.199561
50 1614145854 64.027015 0.200000 64.027015 64.027015 819.891735
50 1614145853 64.027015 0.200000 64.027015 64.027015 819.891735
50 1614145852 64.027015 0.200000 64.027015 64.027015 819.891735
50 1614145851 64.027015 0.200000 64.027015 64.027015 819.891735
50 1614145850 64.027015 0.200000 64.027015 64.027015 819.891735
50 1614145844 65.511816 0.800000 64.220800 68.665155 3436.117913
50 1614145843 65.511816 0.800000 64.220800 68.665155 3436.117913
50 1614145842 65.511816 0.800000 64.220800 68.665155 3436.117913
50 1614145841 65.511816 0.800000 64.220800 68.665155 3436.117913
50 1614145840 65.511816 0.800000 64.220800 68.665155 3436.117913
50 1614145839 66.466067 0.600000 65.392483 68.357234 2651.722338
50 1614145838 66.466067 0.600000 65.392483 68.357234 2651.722338
50 1614145837 66.466067 0.600000 65.392483 68.357234 2651.722338
50 1614145836 66.466067 0.600000 65.392483 68.357234 2651.722338
50 1614145835 66.466067 0.600000 65.392483 68.357234 2651.722338
50 1614145829 76.002155 0.200000 76.002155 76.002155 1155.265508
50 1614145828 76.002155 0.200000 76.002155 76.002155 1155.265508
50 1614145827 76.002155 0.200000 76.002155 76.002155 1155.265508
50 1614145826 76.002155 0.200000 76.002155 76.002155 1155.265508
50 1614145825 76.002155 0.200000 76.002155 76.002155 1155.265508
50 1614145824 104.890248 0.800000 77.218973 114.752249 9005.983445
50 1614145823 104.890248 0.800000 77.218973 114.752249 9005.983445
50 1614145822 104.890248 0.800000 77.218973 114.752249 9005.983445
50 1614145821 104.890248 0.800000 77.218973 114.752249 9005.983445
50 1614145820 104.890248 0.800000 77.218973 114.752249 9005.983445
50 1614145819 106.153265 0.600000 87.034916 116.055662 6870.809926
50 1614145818 106.153265 0.600000 87.034916 116.055662 6870.809926
50 1614145817 106.153265 0.600000 87.034916 116.055662 6870.809926
50 1614145816 106.153265 0.600000 87.034916 116.055662 6870.809926
